date,name,ath_country,value,specialty
1980-12-03,Marie Therese Nadig,CH,25,Downhill
1980-12-03,Edith Peter,AT,0,Downhill
1980-12-03,Blanca Fernandez Ochoa,ES,0,Giant Slalom
1980-12-03,Rosi Aschenwald,AT,0,Slalom
1980-12-03,Cindy Oak,US,0,Downhill
1980-12-03,Edith Lindner,AT,0,Downhill
1980-12-03,Ursula Konzett,LI,0,Slalom
1980-12-03,Elisabeth Kirchler,AT,0,Downhill
1980-12-03,Jana Soltysova,SK,1,Downhill
1980-12-03,Piera Macchi,IT,0,Slalom
1980-12-03,Lorena Frigo,IT,0,Slalom
1980-12-03,Kathy Kreiner,CA,20,Downhill
1980-12-03,Elisabeth Kraml,AT,0,Downhill
1980-12-03,Maria Maricich,US,0,Downhill
1980-12-03,Annemarie Bischofberger,CH,0,Downhill
1980-12-03,Annemarie Steiner,AT,0,Downhill
1980-12-03,Lea Soelkner,AT,12,Downhill
1980-12-03,Fabienne Serrat,FR,0,Slalom
1980-12-03,Daniela Zini,IT,0,Slalom
1980-12-03,Petra Wenzel,LI,0,Giant Slalom
1980-12-03,Monika Henkel,DE,0,Combined
1980-12-03,Maria Walliser,CH,7,Downhill
1980-12-03,Diana Haight,CA,0,Combined
1980-12-03,Andreja Leskovsek,,0,Slalom
1980-12-03,Torill Fjelstadt,NO,0,Downhill
1980-12-03,Wanda Bieler,IT,0,Giant Slalom
1980-12-03,Marianne Zechmeister,DE,3,Downhill
1980-12-03,Paoletta Magoni,IT,0,Slalom
1980-12-03,Elisabeth Chaud,FR,0,Downhill
1980-12-03,Sylviane Fabre,FR,0,Slalom
1980-12-03,Dorota Tlalka,PL,0,Slalom
1980-12-03,Karin Unterseer,DE,0,Slalom
1980-12-03,Heidi Preuss,US,0,Downhill
1980-12-03,Doris De Agostini,CH,0,Downhill
1980-12-03,Christine Klossner,CH,0,Downhill
1980-12-03,Erika Gfrerer,AT,0,Downhill
1980-12-03,Marie Cecile Gros - Gaudenier,FR,0,Downhill
1980-12-03,Laurie Graham,CA,0,Downhill
1980-12-03,Metka Jerman,,0,Combined
1980-12-03,Heidi Wiesler,DE,0,Combined
1980-12-03,Cornelia Proell,AT,9,Downhill
1980-12-03,Erika Hess,CH,5,Slalom
1980-12-03,Zoe Haas,CH,11,Downhill
1980-12-03,Gerry Sorensen,CA,0,Downhill
1980-12-03,Sylvia Eder,AT,0,Downhill
1980-12-03,Paola Marciandi,IT,0,Slalom
1980-12-03,Anne Flore Rey,FR,0,Slalom
1980-12-03,Catherine Quittet,FR,0,Downhill
1980-12-03,Tamara McKinney,US,0,Giant Slalom
1980-12-03,Perrine Pelen,FR,0,Slalom
1980-12-03,Anja Zavadlav,,0,Slalom
1980-12-03,Abbi Fisher,US,0,Slalom
1980-12-03,Marie Lucie Waldmeier,FR,10,Downhill
1980-12-03,Michaela Gerg-Leitner,DE,0,Giant Slalom
1980-12-03,Maria Epple,DE,0,Giant Slalom
1980-12-03,Caroline Attia,FR,8,Downhill
1980-12-03,Roswitha Steiner,AT,0,Slalom
1980-12-03,Olga Charvatova,SK,0,Giant Slalom
1980-12-03,Bojana Dornig,,0,Slalom
1980-12-03,Anni Kronbichler,AT,0,Giant Slalom
1980-12-03,Nadezda Patrakjeva-andreeva,RU,0,Slalom
1980-12-03,Cindy Nelson,US,0,Downhill
1980-12-03,Irene Epple,DE,15,Giant Slalom
1980-12-03,Rita Naepflin,CH,0,Slalom
1980-12-03,Claudia Giordani,IT,0,Slalom
1980-12-03,Maria Rosa Quario,IT,0,Slalom
1980-12-03,Brigitte Nansoz,CH,0,Slalom
1980-12-03,Ingrid Eberle,AT,2,Downhill
1980-12-03,Regine Moesenlechner,DE,0,Downhill
1980-12-03,Christa Kinshofer,DE,6,Giant Slalom
1980-12-03,Karen Lancaster,US,0,Giant Slalom
1980-12-03,Brigitte Gadient,CH,0,Combined
1980-12-03,Holly Beth Flanders,US,0,Downhill
1980-12-03,Andrea Haaser,AT,0,Downhill
1980-12-03,Traudl Haecher,DE,4,Parallel
1980-12-03,Inge Krenn,AT,0,Combined
1980-12-03,Christin Cooper,US,0,Slalom
1980-12-03,Hanni Wenzel,LI,0,Giant Slalom
1980-12-03,Nadia Bonfini,IT,0,Slalom
1980-12-03,Ariane Ehrat,CH,0,Downhill
1980-12-03,Regina Sackl,AT,0,Slalom
1980-12-03,Natasa Blazic,,0,Slalom
1980-12-03,Corinne Eugster,CH,0,Giant Slalom
1980-12-03,Brigitte Glur,CH,0,Slalom
1980-12-04,Tamara McKinney,US,0,Giant Slalom
1980-12-04,Abbi Fisher,US,0,Slalom
1980-12-04,Hanni Wenzel,LI,0,Giant Slalom
1980-12-04,Abbi Fisher,US,0,Slalom
1980-12-04,Cindy Nelson,US,0,Downhill
1980-12-04,Corinne Eugster,CH,0,Giant Slalom
1980-12-04,Regina Sackl,AT,0,Slalom
1980-12-04,Michaela Gerg-Leitner,DE,5,Giant Slalom
1980-12-04,Catherine Quittet,FR,0,Downhill
1980-12-04,Cindy Nelson,US,4,Downhill
1980-12-04,Michaela Gerg-Leitner,DE,5,Giant Slalom
1980-12-04,Maria Epple,DE,1,Giant Slalom
1980-12-04,Caroline Attia,FR,8,Downhill
1980-12-04,Caroline Attia,FR,8,Downhill
1980-12-04,Regine Moesenlechner,DE,0,Downhill
1980-12-04,Regine Moesenlechner,DE,0,Downhill
1980-12-04,Roswitha Steiner,AT,0,Slalom
1980-12-04,Dorota Tlalka,PL,0,Slalom
1980-12-04,Regina Sackl,AT,0,Slalom
1980-12-04,Hanni Wenzel,LI,0,Giant Slalom
1980-12-04,Olga Charvatova,SK,7,Giant Slalom
1980-12-04,Catherine Quittet,FR,0,Downhill
1980-12-04,Heidi Preuss,US,0,Downhill
1980-12-04,Heidi Preuss,US,0,Downhill
1980-12-04,Nadia Bonfini,IT,0,Slalom
1980-12-04,Nadia Bonfini,IT,0,Slalom
1980-12-04,Doris De Agostini,CH,0,Downhill
1980-12-04,Doris De Agostini,CH,0,Downhill
1980-12-04,Christin Cooper,US,0,Slalom
1980-12-04,Claudia Giordani,IT,0,Slalom
1980-12-04,Erika Gfrerer,AT,0,Downhill
1980-12-04,Erika Gfrerer,AT,0,Downhill
1980-12-04,Laurie Graham,CA,0,Downhill
1980-12-04,Laurie Graham,CA,0,Downhill
1980-12-04,Claudia Giordani,IT,0,Slalom
1980-12-04,Tamara McKinney,US,10,Giant Slalom
1980-12-04,Metka Jerman,,0,Combined
1980-12-04,Zoe Haas,CH,11,Downhill
1980-12-04,Christin Cooper,US,0,Slalom
1980-12-04,Brigitte Gadient,CH,0,Combined
1980-12-04,Heidi Wiesler,DE,0,Combined
1980-12-04,Erika Hess,CH,11,Slalom
1980-12-04,Heidi Wiesler,DE,0,Combined
1980-12-04,Erika Hess,CH,11,Slalom
1980-12-04,Zoe Haas,CH,20,Downhill
1980-12-04,Brigitte Gadient,CH,0,Combined
1980-12-04,Olga Charvatova,SK,7,Giant Slalom
1980-12-04,Dorota Tlalka,PL,0,Slalom
1980-12-04,Anne Flore Rey,FR,0,Slalom
1980-12-04,Anne Flore Rey,FR,0,Slalom
1980-12-04,Metka Jerman,,0,Combined
1980-12-04,Ariane Ehrat,CH,0,Downhill
1980-12-04,Edith Peter,AT,0,Downhill
1980-12-04,Ariane Ehrat,CH,0,Downhill
1980-12-04,Karen Lancaster,US,0,Giant Slalom
1980-12-04,Annemarie Steiner,AT,0,Downhill
1980-12-04,Annemarie Steiner,AT,0,Downhill
1980-12-04,Lea Soelkner,AT,12,Downhill
1980-12-04,Lea Soelkner,AT,14,Downhill
1980-12-04,Maria Rosa Quario,IT,3,Slalom
1980-12-04,Daniela Zini,IT,8,Slalom
1980-12-04,Inge Krenn,AT,0,Combined
1980-12-04,Daniela Zini,IT,8,Slalom
1980-12-04,Maria Walliser,CH,7,Downhill
1980-12-04,Maria Walliser,CH,7,Downhill
1980-12-04,Maria Rosa Quario,IT,3,Slalom
1980-12-04,Christa Kinshofer,DE,6,Giant Slalom
1980-12-04,Diana Haight,CA,0,Combined
1980-12-04,Diana Haight,CA,0,Combined
1980-12-04,Andreja Leskovsek,,0,Slalom
1980-12-04,Andreja Leskovsek,,0,Slalom
1980-12-04,Holly Beth Flanders,US,0,Downhill
1980-12-04,Torill Fjelstadt,NO,0,Downhill
1980-12-04,Torill Fjelstadt,NO,0,Downhill
1980-12-04,Wanda Bieler,IT,0,Giant Slalom
1980-12-04,Wanda Bieler,IT,0,Giant Slalom
1980-12-04,Holly Beth Flanders,US,0,Downhill
1980-12-04,Inge Krenn,AT,0,Combined
1980-12-04,Christa Kinshofer,DE,21,Giant Slalom
1980-12-04,Marianne Zechmeister,DE,3,Downhill
1980-12-04,Marianne Zechmeister,DE,3,Downhill
1980-12-04,Karen Lancaster,US,0,Giant Slalom
1980-12-04,Andrea Haaser,AT,0,Downhill
1980-12-04,Annemarie Bischofberger,CH,0,Downhill
1980-12-04,Annemarie Bischofberger,CH,0,Downhill
1980-12-04,Gerry Sorensen,CA,0,Downhill
1980-12-04,Gerry Sorensen,CA,0,Downhill
1980-12-04,Edith Peter,AT,0,Downhill
1980-12-04,Corinne Eugster,CH,0,Giant Slalom
1980-12-04,Traudl Haecher,DE,5,Parallel
1980-12-04,Rosi Aschenwald,AT,0,Slalom
1980-12-04,Ursula Konzett,LI,0,Slalom
1980-12-04,Ursula Konzett,LI,0,Slalom
1980-12-04,Edith Lindner,AT,0,Downhill
1980-12-04,Traudl Haecher,DE,5,Parallel
1980-12-04,Edith Lindner,AT,0,Downhill
1980-12-04,Blanca Fernandez Ochoa,ES,0,Giant Slalom
1980-12-04,Nadezda Patrakjeva-andreeva,RU,0,Slalom
1980-12-04,Roswitha Steiner,AT,0,Slalom
1980-12-04,Elisabeth Kirchler,AT,0,Downhill
1980-12-04,Rosi Aschenwald,AT,0,Slalom
1980-12-04,Piera Macchi,IT,0,Slalom
1980-12-04,Piera Macchi,IT,0,Slalom
1980-12-04,Nadezda Patrakjeva-andreeva,RU,0,Slalom
1980-12-04,Blanca Fernandez Ochoa,ES,0,Giant Slalom
1980-12-04,Lorena Frigo,IT,0,Slalom
1980-12-04,Lorena Frigo,IT,0,Slalom
1980-12-04,Paoletta Magoni,IT,0,Slalom
1980-12-04,Kathy Kreiner,CA,27,Downhill
1980-12-04,Paoletta Magoni,IT,0,Slalom
1980-12-04,Karin Unterseer,DE,0,Slalom
1980-12-04,Andrea Haaser,AT,0,Downhill
1980-12-04,Kathy Kreiner,CA,27,Downhill
1980-12-04,Elisabeth Kirchler,AT,0,Downhill
1980-12-04,Karin Unterseer,DE,0,Slalom
1980-12-04,Maria Epple,DE,1,Giant Slalom
1980-12-04,Cornelia Proell,AT,9,Downhill
1980-12-04,Marie Therese Nadig,CH,25,Downhill
1980-12-04,Petra Wenzel,LI,0,Giant Slalom
1980-12-04,Natasa Blazic,,0,Slalom
1980-12-04,Monika Henkel,DE,0,Combined
1980-12-04,Cornelia Proell,AT,9,Downhill
1980-12-04,Irene Epple,DE,15,Giant Slalom
1980-12-04,Jana Soltysova,SK,1,Downhill
1980-12-04,Marie Lucie Waldmeier,FR,10,Downhill
1980-12-04,Ingrid Eberle,AT,2,Downhill
1980-12-04,Cindy Oak,US,0,Downhill
1980-12-04,Jana Soltysova,SK,1,Downhill
1980-12-04,Cindy Oak,US,0,Downhill
1980-12-04,Anja Zavadlav,,0,Slalom
1980-12-04,Bojana Dornig,,0,Slalom
1980-12-04,Monika Henkel,DE,0,Combined
1980-12-04,Fabienne Serrat,FR,0,Slalom
1980-12-04,Marie Lucie Waldmeier,FR,10,Downhill
1980-12-04,Paola Marciandi,IT,0,Slalom
1980-12-04,Rita Naepflin,CH,0,Slalom
1980-12-04,Sylvia Eder,AT,0,Downhill
1980-12-04,Paola Marciandi,IT,0,Slalom
1980-12-04,Sylvia Eder,AT,0,Downhill
1980-12-04,Rita Naepflin,CH,0,Slalom
1980-12-04,Perrine Pelen,FR,0,Slalom
1980-12-04,Irene Epple,DE,40,Giant Slalom
1980-12-04,Maria Maricich,US,0,Downhill
1980-12-04,Petra Wenzel,LI,9,Giant Slalom
1980-12-04,Anja Zavadlav,,0,Slalom
1980-12-04,Ingrid Eberle,AT,2,Downhill
1980-12-04,Bojana Dornig,,0,Slalom
1980-12-04,Natasa Blazic,,0,Slalom
1980-12-04,Sylviane Fabre,FR,0,Slalom
1980-12-04,Christine Klossner,CH,0,Downhill
1980-12-04,Elisabeth Kraml,AT,0,Downhill
1980-12-04,Maria Maricich,US,0,Downhill
1980-12-04,Fabienne Serrat,FR,12,Slalom
1980-12-04,Marie Therese Nadig,CH,36,Downhill
1980-12-04,Elisabeth Chaud,FR,0,Downhill
1980-12-04,Brigitte Glur,CH,0,Slalom
1980-12-04,Perrine Pelen,FR,20,Slalom
1980-12-04,Marie Cecile Gros - Gaudenier,FR,0,Downhill
1980-12-04,Marie Cecile Gros - Gaudenier,FR,0,Downhill
1980-12-04,Elisabeth Chaud,FR,0,Downhill
1980-12-04,Brigitte Glur,CH,0,Slalom
1980-12-04,Anni Kronbichler,AT,0,Giant Slalom
1980-12-04,Brigitte Nansoz,CH,0,Slalom
1980-12-04,Brigitte Nansoz,CH,0,Slalom
1980-12-04,Elisabeth Kraml,AT,0,Downhill
1980-12-04,Christine Klossner,CH,0,Downhill
1980-12-04,Anni Kronbichler,AT,0,Giant Slalom
1980-12-04,Sylviane Fabre,FR,0,Slalom
1980-12-07,Dorota Tlalka,PL,0,Slalom
1980-12-07,Maria Walliser,CH,12,Downhill
1980-12-07,Karen Lancaster,US,3,Giant Slalom
1980-12-07,Maria Rosa Quario,IT,12,Slalom
1980-12-07,Fabienne Serrat,FR,27,Slalom
1980-12-07,Torill Fjelstadt,NO,0,Downhill
1980-12-07,Abbi Fisher,US,0,Slalom
1980-12-07,Elisabeth Chaud,FR,0,Downhill
1980-12-07,Elisabeth Kirchler,AT,0,Downhill
1980-12-07,Maria Maricich,US,0,Downhill
1980-12-07,Andrea Haaser,AT,0,Downhill
1980-12-07,Natasa Blazic,,0,Slalom
1980-12-07,Anne Flore Rey,FR,0,Slalom
1980-12-07,Gerry Sorensen,CA,0,Downhill
1980-12-07,Sylviane Fabre,FR,0,Slalom
1980-12-07,Cindy Oak,US,0,Downhill
1980-12-07,Petra Wenzel,LI,9,Giant Slalom
1980-12-07,Monika Henkel,DE,0,Combined
1980-12-07,Corinne Eugster,CH,0,Giant Slalom
1980-12-07,Marianne Zechmeister,DE,3,Downhill
1980-12-07,Marie Lucie Waldmeier,FR,10,Downhill
1980-12-07,Perrine Pelen,FR,30,Slalom
1980-12-07,Caroline Attia,FR,8,Downhill
1980-12-07,Holly Beth Flanders,US,0,Downhill
1980-12-07,Bojana Dornig,,0,Slalom
1980-12-07,Roswitha Steiner,AT,0,Slalom
1980-12-07,Edith Lindner,AT,0,Downhill
1980-12-07,Maria Epple,DE,1,Giant Slalom
1980-12-07,Wanda Bieler,IT,12,Giant Slalom
1980-12-07,Irene Epple,DE,40,Giant Slalom
1980-12-07,Ursula Konzett,LI,0,Slalom
1980-12-07,Christa Kinshofer,DE,21,Giant Slalom
1980-12-07,Inge Krenn,AT,0,Combined
1980-12-07,Diana Haight,CA,0,Combined
1980-12-07,Edith Peter,AT,0,Downhill
1980-12-07,Annemarie Bischofberger,CH,0,Downhill
1980-12-07,Michaela Gerg-Leitner,DE,5,Giant Slalom
1980-12-07,Traudl Haecher,DE,5,Parallel
1980-12-07,Andreja Leskovsek,,0,Slalom
1980-12-07,Jana Soltysova,SK,1,Downhill
1980-12-07,Daniela Zini,IT,28,Slalom
1980-12-07,Erika Hess,CH,22,Slalom
1980-12-07,Annemarie Steiner,AT,0,Downhill
1980-12-07,Regina Sackl,AT,0,Slalom
1980-12-07,Elisabeth Kraml,AT,0,Downhill
1980-12-07,Doris De Agostini,CH,0,Downhill
1980-12-07,Cornelia Proell,AT,9,Downhill
1980-12-07,Tamara McKinney,US,10,Giant Slalom
1980-12-07,Metka Jerman,,0,Combined
1980-12-07,Zoe Haas,CH,26,Downhill
1980-12-07,Hanni Wenzel,LI,0,Giant Slalom
1980-12-07,Cindy Nelson,US,4,Downhill
1980-12-07,Blanca Fernandez Ochoa,ES,0,Giant Slalom
1980-12-07,Anni Kronbichler,AT,0,Giant Slalom
1980-12-07,Brigitte Nansoz,CH,0,Slalom
1980-12-07,Marie Cecile Gros - Gaudenier,FR,0,Downhill
1980-12-07,Laurie Graham,CA,0,Downhill
1980-12-07,Erika Gfrerer,AT,0,Downhill
1980-12-07,Brigitte Gadient,CH,0,Combined
1980-12-07,Paoletta Magoni,IT,0,Slalom
1980-12-07,Brigitte Glur,CH,0,Slalom
1980-12-07,Regine Moesenlechner,DE,0,Downhill
1980-12-07,Ingrid Eberle,AT,2,Downhill
1980-12-07,Christin Cooper,US,8,Slalom
1980-12-07,Nadezda Patrakjeva-andreeva,RU,0,Slalom
1980-12-07,Rosi Aschenwald,AT,0,Slalom
1980-12-07,Karin Unterseer,DE,0,Slalom
1980-12-07,Nadia Bonfini,IT,0,Slalom
1980-12-07,Marie Therese Nadig,CH,61,Downhill
1980-12-07,Heidi Preuss,US,0,Downhill
1980-12-07,Catherine Quittet,FR,0,Downhill
1980-12-07,Sylvia Eder,AT,0,Downhill
1980-12-07,Heidi Wiesler,DE,0,Combined
1980-12-07,Paola Marciandi,IT,1,Slalom
1980-12-07,Claudia Giordani,IT,7,Slalom
1980-12-07,Rita Naepflin,CH,0,Slalom
1980-12-07,Kathy Kreiner,CA,29,Downhill
1980-12-07,Lorena Frigo,IT,0,Slalom
1980-12-07,Ariane Ehrat,CH,0,Downhill
1980-12-07,Anja Zavadlav,,0,Slalom
1980-12-07,Christine Klossner,CH,0,Downhill
1980-12-07,Lea Soelkner,AT,18,Downhill
1980-12-07,Piera Macchi,IT,0,Slalom
1980-12-07,Olga Charvatova,SK,7,Giant Slalom
1980-12-12,Petra Wenzel,LI,9,Giant Slalom
1980-12-12,Monika Henkel,DE,0,Combined
1980-12-12,Torill Fjelstadt,NO,20,Downhill
1980-12-12,Blanca Fernandez Ochoa,ES,0,Giant Slalom
1980-12-12,Lea Soelkner,AT,18,Downhill
1980-12-12,Diana Haight,CA,2,Combined
1980-12-12,Daniela Zini,IT,28,Slalom
1980-12-12,Daniela Zini,IT,28,Slalom
1980-12-12,Maria Walliser,CH,12,Downhill
1980-12-12,Elisabeth Chaud,FR,0,Downhill
1980-12-12,Diana Haight,CA,2,Combined
1980-12-12,Elisabeth Chaud,FR,0,Downhill
1980-12-12,Monika Henkel,DE,1,Combined
1980-12-12,Annemarie Steiner,AT,0,Downhill
1980-12-12,Annemarie Steiner,AT,0,Downhill
1980-12-12,Maria Walliser,CH,21,Downhill
1980-12-12,Fabienne Serrat,FR,27,Slalom
1980-12-12,Lea Soelkner,AT,18,Downhill
1980-12-12,Inge Krenn,AT,0,Combined
1980-12-12,Annemarie Bischofberger,CH,12,Downhill
1980-12-12,Elisabeth Kraml,AT,0,Downhill
1980-12-12,Elisabeth Kraml,AT,0,Downhill
1980-12-12,Karin Unterseer,DE,0,Slalom
1980-12-12,Maria Rosa Quario,IT,12,Slalom
1980-12-12,Andreja Leskovsek,,0,Slalom
1980-12-12,Rita Naepflin,CH,0,Slalom
1980-12-12,Ariane Ehrat,CH,3,Downhill
1980-12-12,Rita Naepflin,CH,0,Slalom
1980-12-12,Ariane Ehrat,CH,3,Downhill
1980-12-12,Regine Moesenlechner,DE,0,Downhill
1980-12-12,Regine Moesenlechner,DE,0,Downhill
1980-12-12,Ingrid Eberle,AT,2,Downhill
1980-12-12,Regina Sackl,AT,0,Slalom
1980-12-12,Regina Sackl,AT,0,Slalom
1980-12-12,Cindy Nelson,US,9,Downhill
1980-12-12,Hanni Wenzel,LI,0,Giant Slalom
1980-12-12,Hanni Wenzel,LI,0,Giant Slalom
1980-12-12,Traudl Haecher,DE,8,Parallel
1980-12-12,Marie Therese Nadig,CH,61,Downhill
1980-12-12,Brigitte Nansoz,CH,0,Slalom
1980-12-12,Brigitte Nansoz,CH,0,Slalom
1980-12-12,Brigitte Gadient,CH,0,Combined
1980-12-12,Brigitte Gadient,CH,0,Combined
1980-12-12,Christin Cooper,US,8,Slalom
1980-12-12,Brigitte Glur,CH,0,Slalom
1980-12-12,Claudia Giordani,IT,7,Slalom
1980-12-12,Claudia Giordani,IT,7,Slalom
1980-12-12,Brigitte Glur,CH,0,Slalom
1980-12-12,Christin Cooper,US,19,Slalom
1980-12-12,Marie Therese Nadig,CH,86,Downhill
1980-12-12,Nadia Bonfini,IT,0,Slalom
1980-12-12,Cindy Nelson,US,9,Downhill
1980-12-12,Andreja Leskovsek,,0,Slalom
1980-12-12,Traudl Haecher,DE,8,Parallel
1980-12-12,Nadezda Patrakjeva-andreeva,RU,0,Slalom
1980-12-12,Fabienne Serrat,FR,47,Slalom
1980-12-12,Torill Fjelstadt,NO,20,Downhill
1980-12-12,Wanda Bieler,IT,12,Giant Slalom
1980-12-12,Wanda Bieler,IT,12,Giant Slalom
1980-12-12,Petra Wenzel,LI,9,Giant Slalom
1980-12-12,Blanca Fernandez Ochoa,ES,0,Giant Slalom
1980-12-12,Corinne Eugster,CH,0,Giant Slalom
1980-12-12,Corinne Eugster,CH,0,Giant Slalom
1980-12-12,Holly Beth Flanders,US,0,Downhill
1980-12-12,Irene Epple,DE,40,Giant Slalom
1980-12-12,Irene Epple,DE,40,Giant Slalom
1980-12-12,Christa Kinshofer,DE,21,Giant Slalom
1980-12-12,Karen Lancaster,US,3,Giant Slalom
1980-12-12,Christa Kinshofer,DE,21,Giant Slalom
1980-12-12,Holly Beth Flanders,US,9,Downhill
1980-12-12,Marianne Zechmeister,DE,3,Downhill
1980-12-12,Maria Rosa Quario,IT,12,Slalom
1980-12-12,Bojana Dornig,,0,Slalom
1980-12-12,Bojana Dornig,,0,Slalom
1980-12-12,Andrea Haaser,AT,0,Downhill
1980-12-12,Andrea Haaser,AT,0,Downhill
1980-12-12,Natasa Blazic,,0,Slalom
1980-12-12,Natasa Blazic,,0,Slalom
1980-12-12,Karen Lancaster,US,3,Giant Slalom
1980-12-12,Ingrid Eberle,AT,4,Downhill
1980-12-12,Nadezda Patrakjeva-andreeva,RU,0,Slalom
1980-12-12,Marianne Zechmeister,DE,3,Downhill
1980-12-12,Annemarie Bischofberger,CH,12,Downhill
1980-12-12,Lorena Frigo,IT,0,Slalom
1980-12-12,Paola Marciandi,IT,1,Slalom
1980-12-12,Catherine Quittet,FR,0,Downhill
1980-12-12,Maria Maricich,US,1,Downhill
1980-12-12,Heidi Preuss,US,6,Downhill
1980-12-12,Catherine Quittet,FR,0,Downhill
1980-12-12,Maria Epple,DE,1,Giant Slalom
1980-12-12,Edith Peter,AT,7,Downhill
1980-12-12,Doris De Agostini,CH,15,Downhill
1980-12-12,Marie Lucie Waldmeier,FR,18,Downhill
1980-12-12,Gerry Sorensen,CA,0,Downhill
1980-12-12,Maria Maricich,US,1,Downhill
1980-12-12,Ursula Konzett,LI,0,Slalom
1980-12-12,Ursula Konzett,LI,0,Slalom
1980-12-12,Erika Gfrerer,AT,0,Downhill
1980-12-12,Olga Charvatova,SK,7,Giant Slalom
1980-12-12,Olga Charvatova,SK,7,Giant Slalom
1980-12-12,Edith Lindner,AT,0,Downhill
1980-12-12,Edith Lindner,AT,0,Downhill
1980-12-12,Christine Klossner,CH,0,Downhill
1980-12-12,Maria Epple,DE,1,Giant Slalom
1980-12-12,Sylviane Fabre,FR,0,Slalom
1980-12-12,Sylvia Eder,AT,0,Downhill
1980-12-12,Marie Cecile Gros - Gaudenier,FR,4,Downhill
1980-12-12,Metka Jerman,,0,Combined
1980-12-12,Perrine Pelen,FR,42,Slalom
1980-12-12,Tamara McKinney,US,10,Giant Slalom
1980-12-12,Dorota Tlalka,PL,0,Slalom
1980-12-12,Dorota Tlalka,PL,0,Slalom
1980-12-12,Tamara McKinney,US,10,Giant Slalom
1980-12-12,Laurie Graham,CA,0,Downhill
1980-12-12,Perrine Pelen,FR,42,Slalom
1980-12-12,Sylviane Fabre,FR,0,Slalom
1980-12-12,Marie Lucie Waldmeier,FR,18,Downhill
1980-12-12,Marie Cecile Gros - Gaudenier,FR,4,Downhill
1980-12-12,Caroline Attia,FR,8,Downhill
1980-12-12,Roswitha Steiner,AT,0,Slalom
1980-12-12,Roswitha Steiner,AT,0,Slalom
1980-12-12,Sylvia Eder,AT,0,Downhill
1980-12-12,Gerry Sorensen,CA,4,Downhill
1980-12-12,Edith Peter,AT,7,Downhill
1980-12-12,Laurie Graham,CA,11,Downhill
1980-12-12,Doris De Agostini,CH,15,Downhill
1980-12-12,Anne Flore Rey,FR,0,Slalom
1980-12-12,Cindy Oak,US,0,Downhill
1980-12-12,Nadia Bonfini,IT,0,Slalom
1980-12-12,Inge Krenn,AT,0,Combined
1980-12-12,Paola Marciandi,IT,1,Slalom
1980-12-12,Heidi Wiesler,DE,5,Combined
1980-12-12,Heidi Preuss,US,6,Downhill
1980-12-12,Zoe Haas,CH,26,Downhill
1980-12-12,Erika Hess,CH,37,Slalom
1980-12-12,Lorena Frigo,IT,0,Slalom
1980-12-12,Erika Gfrerer,AT,0,Downhill
1980-12-12,Anni Kronbichler,AT,0,Giant Slalom
1980-12-12,Paoletta Magoni,IT,0,Slalom
1980-12-12,Paoletta Magoni,IT,0,Slalom
1980-12-12,Karin Unterseer,DE,0,Slalom
1980-12-12,Anni Kronbichler,AT,0,Giant Slalom
1980-12-12,Kathy Kreiner,CA,36,Downhill
1980-12-12,Kathy Kreiner,CA,36,Downhill
1980-12-12,Michaela Gerg-Leitner,DE,5,Giant Slalom
1980-12-12,Michaela Gerg-Leitner,DE,5,Giant Slalom
1980-12-12,Cornelia Proell,AT,9,Downhill
1980-12-12,Cindy Oak,US,0,Downhill
1980-12-12,Jana Soltysova,SK,7,Downhill
1980-12-12,Anne Flore Rey,FR,0,Slalom
1980-12-12,Piera Macchi,IT,0,Slalom
1980-12-12,Jana Soltysova,SK,7,Downhill
1980-12-12,Elisabeth Kirchler,AT,0,Downhill
1980-12-12,Caroline Attia,FR,8,Downhill
1980-12-12,Elisabeth Kirchler,AT,0,Downhill
1980-12-12,Abbi Fisher,US,0,Slalom
1980-12-12,Rosi Aschenwald,AT,0,Slalom
1980-12-12,Rosi Aschenwald,AT,0,Slalom
1980-12-12,Heidi Wiesler,DE,5,Combined
1980-12-12,Zoe Haas,CH,34,Downhill
1980-12-12,Metka Jerman,,0,Combined
1980-12-12,Cornelia Proell,AT,19,Downhill
1980-12-12,Abbi Fisher,US,0,Slalom
1980-12-12,Erika Hess,CH,37,Slalom
1980-12-12,Anja Zavadlav,,0,Slalom
1980-12-12,Anja Zavadlav,,0,Slalom
1980-12-12,Piera Macchi,IT,0,Slalom
1980-12-12,Christine Klossner,CH,0,Downhill
1980-12-13,Anne Flore Rey,FR,0,Slalom
1980-12-13,Nadezda Patrakjeva-andreeva,RU,12,Slalom
1980-12-13,Andrea Haaser,AT,0,Downhill
1980-12-13,Abbi Fisher,US,7,Slalom
1980-12-13,Natasa Blazic,,0,Slalom
1980-12-13,Maria Rosa Quario,IT,27,Slalom
1980-12-13,Laurie Graham,CA,11,Downhill
1980-12-13,Nadia Bonfini,IT,0,Slalom
1980-12-13,Sylvia Eder,AT,0,Downhill
1980-12-13,Erika Hess,CH,57,Slalom
1980-12-13,Ingrid Eberle,AT,4,Downhill
1980-12-13,Zoe Haas,CH,34,Downhill
1980-12-13,Hanni Wenzel,LI,0,Giant Slalom
1980-12-13,Ariane Ehrat,CH,3,Downhill
1980-12-13,Marie Cecile Gros - Gaudenier,FR,4,Downhill
1980-12-13,Regina Sackl,AT,0,Slalom
1980-12-13,Brigitte Nansoz,CH,0,Slalom
1980-12-13,Anja Zavadlav,,0,Slalom
1980-12-13,Regine Moesenlechner,DE,0,Downhill
1980-12-13,Heidi Wiesler,DE,5,Combined
1980-12-13,Rita Naepflin,CH,0,Slalom
1980-12-13,Metka Jerman,,0,Combined
1980-12-13,Olga Charvatova,SK,7,Giant Slalom
1980-12-13,Paola Marciandi,IT,2,Slalom
1980-12-13,Cindy Nelson,US,9,Downhill
1980-12-13,Catherine Quittet,FR,0,Downhill
1980-12-13,Cornelia Proell,AT,19,Downhill
1980-12-13,Karen Lancaster,US,3,Giant Slalom
1980-12-13,Tamara McKinney,US,15,Giant Slalom
1980-12-13,Traudl Haecher,DE,11,Parallel
1980-12-13,Marie Lucie Waldmeier,FR,18,Downhill
1980-12-13,Claudia Giordani,IT,7,Slalom
1980-12-13,Maria Maricich,US,1,Downhill
1980-12-13,Sylviane Fabre,FR,6,Slalom
1980-12-13,Edith Lindner,AT,0,Downhill
1980-12-13,Ursula Konzett,LI,8,Slalom
1980-12-13,Jana Soltysova,SK,7,Downhill
1980-12-13,Daniela Zini,IT,28,Slalom
1980-12-13,Elisabeth Kirchler,AT,0,Downhill
1980-12-13,Maria Walliser,CH,21,Downhill
1980-12-13,Rosi Aschenwald,AT,0,Slalom
1980-12-13,Brigitte Glur,CH,0,Slalom
1980-12-13,Diana Haight,CA,2,Combined
1980-12-13,Christin Cooper,US,30,Slalom
1980-12-13,Erika Gfrerer,AT,0,Downhill
1980-12-13,Annemarie Steiner,AT,0,Downhill
1980-12-13,Piera Macchi,IT,0,Slalom
1980-12-13,Cindy Oak,US,0,Downhill
1980-12-13,Elisabeth Chaud,FR,0,Downhill
1980-12-13,Lorena Frigo,IT,4,Slalom
1980-12-13,Lea Soelkner,AT,18,Downhill
1980-12-13,Heidi Preuss,US,6,Downhill
1980-12-13,Elisabeth Kraml,AT,0,Downhill
1980-12-13,Anni Kronbichler,AT,0,Giant Slalom
1980-12-13,Paoletta Magoni,IT,2,Slalom
1980-12-13,Kathy Kreiner,CA,36,Downhill
1980-12-13,Karin Unterseer,DE,0,Slalom
1980-12-13,Annemarie Bischofberger,CH,12,Downhill
1980-12-13,Christine Klossner,CH,0,Downhill
1980-12-13,Inge Krenn,AT,0,Combined
1980-12-13,Marie Therese Nadig,CH,86,Downhill
1980-12-13,Andreja Leskovsek,,0,Slalom
1980-12-13,Marianne Zechmeister,DE,3,Downhill
1980-12-13,Michaela Gerg-Leitner,DE,5,Giant Slalom
1980-12-13,Brigitte Gadient,CH,0,Combined
1980-12-13,Christa Kinshofer,DE,21,Giant Slalom
1980-12-13,Dorota Tlalka,PL,0,Slalom
1980-12-13,Caroline Attia,FR,8,Downhill
1980-12-13,Perrine Pelen,FR,52,Slalom
1980-12-13,Irene Epple,DE,40,Giant Slalom
1980-12-13,Maria Epple,DE,1,Giant Slalom
1980-12-13,Roswitha Steiner,AT,0,Slalom
1980-12-13,Bojana Dornig,,9,Slalom
1980-12-13,Holly Beth Flanders,US,9,Downhill
1980-12-13,Corinne Eugster,CH,0,Giant Slalom
1980-12-13,Gerry Sorensen,CA,4,Downhill
1980-12-13,Torill Fjelstadt,NO,20,Downhill
1980-12-13,Wanda Bieler,IT,12,Giant Slalom
1980-12-13,Fabienne Serrat,FR,72,Slalom
1980-12-13,Monika Henkel,DE,1,Combined
1980-12-13,Edith Peter,AT,7,Downhill
1980-12-13,Petra Wenzel,LI,9,Giant Slalom
1980-12-13,Doris De Agostini,CH,15,Downhill
1980-12-13,Blanca Fernandez Ochoa,ES,0,Giant Slalom
1980-12-17,Christine Klossner,CH,0,Downhill
1980-12-17,Laurie Graham,CA,11,Downhill
1980-12-17,Marie Cecile Gros - Gaudenier,FR,7,Downhill
1980-12-17,Zoe Haas,CH,34,Downhill
1980-12-17,Brigitte Gadient,CH,0,Combined
1980-12-17,Brigitte Glur,CH,0,Slalom
1980-12-17,Heidi Preuss,US,15,Downhill
1980-12-17,Christin Cooper,US,30,Slalom
1980-12-17,Erika Gfrerer,AT,0,Downhill
1980-12-17,Lorena Frigo,IT,4,Slalom
1980-12-17,Hanni Wenzel,LI,0,Giant Slalom
1980-12-17,Petra Wenzel,LI,9,Giant Slalom
1980-12-17,Wanda Bieler,IT,12,Giant Slalom
1980-12-17,Andreja Leskovsek,,0,Slalom
1980-12-17,Edith Peter,AT,8,Downhill
1980-12-17,Roswitha Steiner,AT,0,Slalom
1980-12-17,Ursula Konzett,LI,8,Slalom
1980-12-17,Cindy Oak,US,6,Downhill
1980-12-17,Sylviane Fabre,FR,6,Slalom
1980-12-17,Rosi Aschenwald,AT,0,Slalom
1980-12-17,Annemarie Steiner,AT,0,Downhill
1980-12-17,Piera Macchi,IT,0,Slalom
1980-12-17,Lea Soelkner,AT,28,Downhill
1980-12-17,Anni Kronbichler,AT,0,Giant Slalom
1980-12-17,Elisabeth Chaud,FR,0,Downhill
1980-12-17,Elisabeth Kraml,AT,0,Downhill
1980-12-17,Annemarie Bischofberger,CH,14,Downhill
1980-12-17,Maria Walliser,CH,21,Downhill
1980-12-17,Brigitte Nansoz,CH,0,Slalom
1980-12-17,Marie Lucie Waldmeier,FR,18,Downhill
1980-12-17,Holly Beth Flanders,US,14,Downhill
1980-12-17,Ariane Ehrat,CH,3,Downhill
1980-12-17,Anja Zavadlav,,0,Slalom
1980-12-17,Regine Moesenlechner,DE,0,Downhill
1980-12-17,Heidi Wiesler,DE,5,Combined
1980-12-17,Olga Charvatova,SK,14,Giant Slalom
1980-12-17,Traudl Haecher,DE,11,Parallel
1980-12-17,Karen Lancaster,US,3,Giant Slalom
1980-12-17,Inge Krenn,AT,0,Combined
1980-12-17,Sylvia Eder,AT,0,Downhill
1980-12-17,Anne Flore Rey,FR,0,Slalom
1980-12-17,Abbi Fisher,US,7,Slalom
1980-12-17,Natasa Blazic,,0,Slalom
1980-12-17,Bojana Dornig,,9,Slalom
1980-12-17,Maria Rosa Quario,IT,27,Slalom
1980-12-17,Michaela Gerg-Leitner,DE,5,Giant Slalom
1980-12-17,Caroline Attia,FR,8,Downhill
1980-12-17,Ingrid Eberle,AT,13,Downhill
1980-12-17,Marianne Zechmeister,DE,3,Downhill
1980-12-17,Blanca Fernandez Ochoa,ES,0,Giant Slalom
1980-12-17,Tamara McKinney,US,15,Giant Slalom
1980-12-17,Maria Maricich,US,1,Downhill
1980-12-17,Diana Haight,CA,2,Combined
1980-12-17,Claudia Giordani,IT,7,Slalom
1980-12-17,Paola Marciandi,IT,2,Slalom
1980-12-17,Maria Epple,DE,1,Giant Slalom
1980-12-17,Cornelia Proell,AT,31,Downhill
1980-12-17,Regina Sackl,AT,0,Slalom
1980-12-17,Kathy Kreiner,CA,36,Downhill
1980-12-17,Karin Unterseer,DE,0,Slalom
1980-12-17,Doris De Agostini,CH,35,Downhill
1980-12-17,Paoletta Magoni,IT,2,Slalom
1980-12-17,Metka Jerman,,0,Combined
1980-12-17,Erika Hess,CH,57,Slalom
1980-12-17,Elisabeth Kirchler,AT,0,Downhill
1980-12-17,Edith Lindner,AT,0,Downhill
1980-12-17,Catherine Quittet,FR,0,Downhill
1980-12-17,Gerry Sorensen,CA,4,Downhill
1980-12-17,Cindy Nelson,US,13,Downhill
1980-12-17,Nadia Bonfini,IT,0,Slalom
1980-12-17,Daniela Zini,IT,28,Slalom
1980-12-17,Torill Fjelstadt,NO,35,Downhill
1980-12-17,Perrine Pelen,FR,52,Slalom
1980-12-17,Dorota Tlalka,PL,0,Slalom
1980-12-17,Christa Kinshofer,DE,21,Giant Slalom
1980-12-17,Andrea Haaser,AT,0,Downhill
1980-12-17,Marie Therese Nadig,CH,86,Downhill
1980-12-17,Irene Epple,DE,51,Giant Slalom
1980-12-17,Rita Naepflin,CH,0,Slalom
1980-12-17,Corinne Eugster,CH,0,Giant Slalom
1980-12-17,Monika Henkel,DE,1,Combined
1980-12-17,Nadezda Patrakjeva-andreeva,RU,12,Slalom
1980-12-17,Jana Soltysova,SK,32,Downhill
1980-12-17,Fabienne Serrat,FR,72,Slalom
1980-12-18,Edith Peter,AT,8,Downhill
1980-12-18,Roswitha Steiner,AT,5,Slalom
1980-12-18,Gerry Sorensen,CA,4,Downhill
1980-12-18,Maria Epple,DE,1,Giant Slalom
1980-12-18,Ursula Konzett,LI,8,Slalom
1980-12-18,Edith Lindner,AT,0,Downhill
1980-12-18,Nadezda Patrakjeva-andreeva,RU,19,Slalom
1980-12-18,Karen Lancaster,US,3,Giant Slalom
1980-12-18,Maria Rosa Quario,IT,37,Slalom
1980-12-18,Elisabeth Kirchler,AT,0,Downhill
1980-12-18,Rosi Aschenwald,AT,0,Slalom
1980-12-18,Andreja Leskovsek,,0,Slalom
1980-12-18,Lorena Frigo,IT,6,Slalom
1980-12-18,Maria Walliser,CH,21,Downhill
1980-12-18,Annemarie Steiner,AT,0,Downhill
1980-12-18,Wanda Bieler,IT,12,Giant Slalom
1980-12-18,Corinne Eugster,CH,0,Giant Slalom
1980-12-18,Daniela Zini,IT,43,Slalom
1980-12-18,Diana Haight,CA,2,Combined
1980-12-18,Piera Macchi,IT,12,Slalom
1980-12-18,Lea Soelkner,AT,31,Downhill
1980-12-18,Paoletta Magoni,IT,3,Slalom
1980-12-18,Annemarie Bischofberger,CH,14,Downhill
1980-12-18,Kathy Kreiner,CA,36,Downhill
1980-12-18,Christa Kinshofer,DE,41,Giant Slalom
1980-12-18,Marianne Zechmeister,DE,3,Downhill
1980-12-18,Torill Fjelstadt,NO,35,Downhill
1980-12-18,Holly Beth Flanders,US,14,Downhill
1980-12-18,Andrea Haaser,AT,0,Downhill
1980-12-18,Nadia Bonfini,IT,0,Slalom
1980-12-18,Dorota Tlalka,PL,0,Slalom
1980-12-18,Sylviane Fabre,FR,6,Slalom
1980-12-18,Perrine Pelen,FR,77,Slalom
1980-12-18,Jana Soltysova,SK,32,Downhill
1980-12-18,Maria Maricich,US,1,Downhill
1980-12-18,Cindy Oak,US,6,Downhill
1980-12-18,Anni Kronbichler,AT,0,Giant Slalom
1980-12-18,Elisabeth Kraml,AT,0,Downhill
1980-12-18,Elisabeth Chaud,FR,0,Downhill
1980-12-18,Fabienne Serrat,FR,83,Slalom
1980-12-18,Monika Henkel,DE,1,Combined
1980-12-18,Petra Wenzel,LI,9,Giant Slalom
1980-12-18,Irene Epple,DE,51,Giant Slalom
1980-12-18,Bojana Dornig,,9,Slalom
1980-12-18,Natasa Blazic,,0,Slalom
1980-12-18,Ingrid Eberle,AT,17,Downhill
1980-12-18,Marie Therese Nadig,CH,86,Downhill
1980-12-18,Brigitte Nansoz,CH,0,Slalom
1980-12-18,Rita Naepflin,CH,0,Slalom
1980-12-18,Brigitte Glur,CH,0,Slalom
1980-12-18,Marie Lucie Waldmeier,FR,18,Downhill
1980-12-18,Caroline Attia,FR,8,Downhill
1980-12-18,Paola Marciandi,IT,2,Slalom
1980-12-18,Anja Zavadlav,,0,Slalom
1980-12-18,Inge Krenn,AT,0,Combined
1980-12-18,Abbi Fisher,US,7,Slalom
1980-12-18,Anne Flore Rey,FR,0,Slalom
1980-12-18,Tamara McKinney,US,15,Giant Slalom
1980-12-18,Traudl Haecher,DE,11,Parallel
1980-12-18,Catherine Quittet,FR,0,Downhill
1980-12-18,Olga Charvatova,SK,14,Giant Slalom
1980-12-18,Heidi Wiesler,DE,5,Combined
1980-12-18,Erika Hess,CH,57,Slalom
1980-12-18,Zoe Haas,CH,34,Downhill
1980-12-18,Metka Jerman,,0,Combined
1980-12-18,Laurie Graham,CA,11,Downhill
1980-12-18,Erika Gfrerer,AT,0,Downhill
1980-12-18,Doris De Agostini,CH,35,Downhill
1980-12-18,Heidi Preuss,US,15,Downhill
1980-12-18,Christine Klossner,CH,0,Downhill
1980-12-18,Karin Unterseer,DE,0,Slalom
1980-12-18,Cornelia Proell,AT,31,Downhill
1980-12-18,Marie Cecile Gros - Gaudenier,FR,7,Downhill
1980-12-18,Sylvia Eder,AT,0,Downhill
1980-12-18,Blanca Fernandez Ochoa,ES,0,Giant Slalom
1980-12-18,Michaela Gerg-Leitner,DE,5,Giant Slalom
1980-12-18,Claudia Giordani,IT,15,Slalom
1980-12-18,Regina Sackl,AT,0,Slalom
1980-12-18,Christin Cooper,US,39,Slalom
1980-12-18,Regine Moesenlechner,DE,0,Downhill
1980-12-18,Ariane Ehrat,CH,3,Downhill
1980-12-18,Cindy Nelson,US,19,Downhill
1980-12-18,Hanni Wenzel,LI,0,Giant Slalom
1980-12-18,Brigitte Gadient,CH,0,Combined
1980-12-21,Holly Beth Flanders,US,14,Downhill
1980-12-21,Abbi Fisher,US,12,Slalom
1980-12-21,Cindy Oak,US,6,Downhill
1980-12-21,Brigitte Glur,CH,4,Slalom
1980-12-21,Irene Epple,DE,51,Giant Slalom
1980-12-21,Perrine Pelen,FR,102,Slalom
1980-12-21,Hanni Wenzel,LI,0,Giant Slalom
1980-12-21,Christa Kinshofer,DE,41,Giant Slalom
1980-12-21,Wanda Bieler,IT,15,Giant Slalom
1980-12-21,Claudia Giordani,IT,26,Slalom
1980-12-21,Annemarie Steiner,AT,0,Downhill
1980-12-21,Marianne Zechmeister,DE,3,Downhill
1980-12-21,Ursula Konzett,LI,20,Slalom
1980-12-21,Edith Peter,AT,8,Downhill
1980-12-21,Regina Sackl,AT,0,Slalom
1980-12-21,Tamara McKinney,US,15,Giant Slalom
1980-12-21,Natasa Blazic,,0,Slalom
1980-12-21,Diana Haight,CA,2,Combined
1980-12-21,Bojana Dornig,,16,Slalom
1980-12-21,Petra Wenzel,LI,9,Giant Slalom
1980-12-21,Edith Lindner,AT,0,Downhill
1980-12-21,Marie Lucie Waldmeier,FR,18,Downhill
1980-12-21,Maria Walliser,CH,21,Downhill
1980-12-21,Cornelia Proell,AT,31,Downhill
1980-12-21,Marie Cecile Gros - Gaudenier,FR,7,Downhill
1980-12-21,Monika Henkel,DE,1,Combined
1980-12-21,Torill Fjelstadt,NO,35,Downhill
1980-12-21,Gerry Sorensen,CA,4,Downhill
1980-12-21,Brigitte Nansoz,CH,0,Slalom
1980-12-21,Andreja Leskovsek,,0,Slalom
1980-12-21,Anja Zavadlav,,6,Slalom
1980-12-21,Karin Unterseer,DE,0,Slalom
1980-12-21,Maria Epple,DE,3,Giant Slalom
1980-12-21,Brigitte Gadient,CH,0,Combined
1980-12-21,Roswitha Steiner,AT,5,Slalom
1980-12-21,Christine Klossner,CH,0,Downhill
1980-12-21,Caroline Attia,FR,8,Downhill
1980-12-21,Fabienne Serrat,FR,93,Slalom
1980-12-21,Daniela Zini,IT,43,Slalom
1980-12-21,Michaela Gerg-Leitner,DE,5,Giant Slalom
1980-12-21,Corinne Eugster,CH,0,Giant Slalom
1980-12-21,Dorota Tlalka,PL,0,Slalom
1980-12-21,Rita Naepflin,CH,1,Slalom
1980-12-21,Heidi Preuss,US,15,Downhill
1980-12-21,Jana Soltysova,SK,32,Downhill
1980-12-21,Anni Kronbichler,AT,0,Giant Slalom
1980-12-21,Anne Flore Rey,FR,0,Slalom
1980-12-21,Inge Krenn,AT,0,Combined
1980-12-21,Doris De Agostini,CH,35,Downhill
1980-12-21,Heidi Wiesler,DE,5,Combined
1980-12-21,Christin Cooper,US,49,Slalom
1980-12-21,Sylvia Eder,AT,0,Downhill
1980-12-21,Erika Gfrerer,AT,0,Downhill
1980-12-21,Marie Therese Nadig,CH,86,Downhill
1980-12-21,Erika Hess,CH,72,Slalom
1980-12-21,Elisabeth Chaud,FR,0,Downhill
1980-12-21,Cindy Nelson,US,27,Downhill
1980-12-21,Traudl Haecher,DE,11,Parallel
1980-12-21,Nadia Bonfini,IT,0,Slalom
1980-12-21,Ingrid Eberle,AT,17,Downhill
1980-12-21,Zoe Haas,CH,34,Downhill
1980-12-21,Laurie Graham,CA,11,Downhill
1980-12-21,Paoletta Magoni,IT,3,Slalom
1980-12-21,Ariane Ehrat,CH,3,Downhill
1980-12-21,Annemarie Bischofberger,CH,14,Downhill
1980-12-21,Kathy Kreiner,CA,36,Downhill
1980-12-21,Elisabeth Kraml,AT,0,Downhill
1980-12-21,Lorena Frigo,IT,6,Slalom
1980-12-21,Metka Jerman,,0,Combined
1980-12-21,Nadezda Patrakjeva-andreeva,RU,39,Slalom
1980-12-21,Piera Macchi,IT,12,Slalom
1980-12-21,Karen Lancaster,US,3,Giant Slalom
1980-12-21,Regine Moesenlechner,DE,0,Downhill
1980-12-21,Elisabeth Kirchler,AT,0,Downhill
1980-12-21,Olga Charvatova,SK,14,Giant Slalom
1980-12-21,Catherine Quittet,FR,0,Downhill
1980-12-21,Rosi Aschenwald,AT,0,Slalom
1980-12-21,Maria Rosa Quario,IT,37,Slalom
1980-12-21,Paola Marciandi,IT,2,Slalom
1980-12-21,Andrea Haaser,AT,0,Downhill
1980-12-21,Blanca Fernandez Ochoa,ES,0,Giant Slalom
1980-12-21,Maria Maricich,US,1,Downhill
1980-12-21,Lea Soelkner,AT,31,Downhill
1980-12-21,Sylviane Fabre,FR,6,Slalom
1981-01-08,Lea Soelkner,AT,31,Downhill
1981-01-08,Fabienne Serrat,FR,93,Slalom
1981-01-08,Paoletta Magoni,IT,3,Slalom
1981-01-08,Brigitte Nansoz,CH,0,Slalom
1981-01-08,Cindy Nelson,US,38,Downhill
1981-01-08,Kathy Kreiner,CA,36,Downhill
1981-01-08,Nadia Bonfini,IT,0,Slalom
1981-01-08,Brigitte Gadient,CH,0,Combined
1981-01-08,Annemarie Bischofberger,CH,14,Downhill
1981-01-08,Cornelia Proell,AT,56,Downhill
1981-01-08,Marie Cecile Gros - Gaudenier,FR,7,Downhill
1981-01-08,Diana Haight,CA,2,Combined
1981-01-08,Gerry Sorensen,CA,4,Downhill
1981-01-08,Elisabeth Kirchler,AT,5,Downhill
1981-01-08,Ursula Konzett,LI,20,Slalom
1981-01-08,Roswitha Steiner,AT,5,Slalom
1981-01-08,Annemarie Steiner,AT,4,Downhill
1981-01-08,Maria Walliser,CH,21,Downhill
1981-01-08,Elisabeth Chaud,FR,0,Downhill
1981-01-08,Perrine Pelen,FR,102,Slalom
1981-01-08,Claudia Giordani,IT,26,Slalom
1981-01-08,Christin Cooper,US,49,Slalom
1981-01-08,Ingrid Eberle,AT,17,Downhill
1981-01-08,Piera Macchi,IT,12,Slalom
1981-01-08,Regina Sackl,AT,0,Slalom
1981-01-08,Sylviane Fabre,FR,6,Slalom
1981-01-08,Sylvia Eder,AT,0,Downhill
1981-01-08,Erika Gfrerer,AT,0,Downhill
1981-01-08,Anja Zavadlav,,6,Slalom
1981-01-08,Edith Lindner,AT,0,Downhill
1981-01-08,Daniela Zini,IT,43,Slalom
1981-01-08,Marie Lucie Waldmeier,FR,18,Downhill
1981-01-08,Rosi Aschenwald,AT,0,Slalom
1981-01-08,Edith Peter,AT,20,Downhill
1981-01-08,Paola Marciandi,IT,2,Slalom
1981-01-08,Ariane Ehrat,CH,3,Downhill
1981-01-08,Lorena Frigo,IT,6,Slalom
1981-01-08,Blanca Fernandez Ochoa,ES,0,Giant Slalom
1981-01-08,Olga Charvatova,SK,14,Giant Slalom
1981-01-08,Doris De Agostini,CH,55,Downhill
1981-01-08,Abbi Fisher,US,12,Slalom
1981-01-08,Christa Kinshofer,DE,41,Giant Slalom
1981-01-08,Petra Wenzel,LI,9,Giant Slalom
1981-01-08,Holly Beth Flanders,US,29,Downhill
1981-01-08,Monika Henkel,DE,1,Combined
1981-01-08,Erika Hess,CH,72,Slalom
1981-01-08,Marianne Zechmeister,DE,3,Downhill
1981-01-08,Bojana Dornig,,16,Slalom
1981-01-08,Anne Flore Rey,FR,0,Slalom
1981-01-08,Hanni Wenzel,LI,8,Giant Slalom
1981-01-08,Regine Moesenlechner,DE,0,Downhill
1981-01-08,Anni Kronbichler,AT,0,Giant Slalom
1981-01-08,Karen Lancaster,US,3,Giant Slalom
1981-01-08,Maria Rosa Quario,IT,37,Slalom
1981-01-08,Jana Soltysova,SK,39,Downhill
1981-01-08,Natasa Blazic,,0,Slalom
1981-01-08,Nadezda Patrakjeva-andreeva,RU,39,Slalom
1981-01-08,Catherine Quittet,FR,0,Downhill
1981-01-08,Andrea Haaser,AT,0,Downhill
1981-01-08,Tamara McKinney,US,15,Giant Slalom
1981-01-08,Heidi Preuss,US,15,Downhill
1981-01-08,Laurie Graham,CA,11,Downhill
1981-01-08,Dorota Tlalka,PL,0,Slalom
1981-01-08,Irene Epple,DE,60,Giant Slalom
1981-01-08,Elisabeth Kraml,AT,0,Downhill
1981-01-08,Wanda Bieler,IT,15,Giant Slalom
1981-01-08,Christine Klossner,CH,6,Downhill
1981-01-08,Torill Fjelstadt,NO,35,Downhill
1981-01-08,Metka Jerman,,0,Combined
1981-01-08,Maria Epple,DE,3,Giant Slalom
1981-01-08,Karin Unterseer,DE,0,Slalom
1981-01-08,Zoe Haas,CH,34,Downhill
1981-01-08,Andreja Leskovsek,,0,Slalom
1981-01-08,Marie Therese Nadig,CH,88,Downhill
1981-01-08,Brigitte Glur,CH,4,Slalom
1981-01-08,Rita Naepflin,CH,1,Slalom
1981-01-08,Corinne Eugster,CH,0,Giant Slalom
1981-01-08,Michaela Gerg-Leitner,DE,5,Giant Slalom
1981-01-08,Cindy Oak,US,16,Downhill
1981-01-08,Heidi Wiesler,DE,8,Combined
1981-01-08,Traudl Haecher,DE,12,Parallel
1981-01-08,Maria Maricich,US,1,Downhill
1981-01-08,Caroline Attia,FR,8,Downhill
1981-01-08,Inge Krenn,AT,0,Combined
1981-01-12,Perrine Pelen,FR,102,Slalom
1981-01-12,Olga Charvatova,SK,14,Giant Slalom
1981-01-12,Paoletta Magoni,IT,3,Slalom
1981-01-12,Erika Gfrerer,AT,6,Downhill
1981-01-12,Irene Epple,DE,75,Giant Slalom
1981-01-12,Laurie Graham,CA,11,Downhill
1981-01-12,Heidi Wiesler,DE,8,Combined
1981-01-12,Marie Therese Nadig,CH,88,Downhill
1981-01-12,Sylvia Eder,AT,0,Downhill
1981-01-12,Metka Jerman,,0,Combined
1981-01-12,Erika Hess,CH,72,Slalom
1981-01-12,Elisabeth Chaud,FR,7,Downhill
1981-01-12,Zoe Haas,CH,34,Downhill
1981-01-12,Kathy Kreiner,CA,39,Downhill
1981-01-12,Cornelia Proell,AT,56,Downhill
1981-01-12,Inge Krenn,AT,0,Combined
1981-01-12,Marie Cecile Gros - Gaudenier,FR,7,Downhill
1981-01-12,Karin Unterseer,DE,0,Slalom
1981-01-12,Caroline Attia,FR,20,Downhill
1981-01-12,Maria Epple,DE,3,Giant Slalom
1981-01-12,Gerry Sorensen,CA,4,Downhill
1981-01-12,Edith Peter,AT,29,Downhill
1981-01-12,Roswitha Steiner,AT,5,Slalom
1981-01-12,Christine Klossner,CH,6,Downhill
1981-01-12,Anja Zavadlav,,6,Slalom
1981-01-12,Michaela Gerg-Leitner,DE,5,Giant Slalom
1981-01-12,Dorota Tlalka,PL,0,Slalom
1981-01-12,Bojana Dornig,,16,Slalom
1981-01-12,Hanni Wenzel,LI,18,Giant Slalom
1981-01-12,Ursula Konzett,LI,20,Slalom
1981-01-12,Abbi Fisher,US,12,Slalom
1981-01-12,Christin Cooper,US,49,Slalom
1981-01-12,Edith Lindner,AT,2,Downhill
1981-01-12,Anne Flore Rey,FR,0,Slalom
1981-01-12,Tamara McKinney,US,15,Giant Slalom
1981-01-12,Heidi Preuss,US,26,Downhill
1981-01-12,Elisabeth Kirchler,AT,5,Downhill
1981-01-12,Ariane Ehrat,CH,3,Downhill
1981-01-12,Natasa Blazic,,0,Slalom
1981-01-12,Catherine Quittet,FR,0,Downhill
1981-01-12,Rosi Aschenwald,AT,0,Slalom
1981-01-12,Piera Macchi,IT,12,Slalom
1981-01-12,Doris De Agostini,CH,80,Downhill
1981-01-12,Petra Wenzel,LI,9,Giant Slalom
1981-01-12,Monika Henkel,DE,1,Combined
1981-01-12,Nadezda Patrakjeva-andreeva,RU,39,Slalom
1981-01-12,Christa Kinshofer,DE,41,Giant Slalom
1981-01-12,Regina Sackl,AT,0,Slalom
1981-01-12,Brigitte Nansoz,CH,0,Slalom
1981-01-12,Regine Moesenlechner,DE,0,Downhill
1981-01-12,Sylviane Fabre,FR,6,Slalom
1981-01-12,Traudl Haecher,DE,12,Parallel
1981-01-12,Marie Lucie Waldmeier,FR,22,Downhill
1981-01-12,Torill Fjelstadt,NO,35,Downhill
1981-01-12,Claudia Giordani,IT,26,Slalom
1981-01-12,Corinne Eugster,CH,0,Giant Slalom
1981-01-12,Brigitte Glur,CH,4,Slalom
1981-01-12,Maria Walliser,CH,21,Downhill
1981-01-12,Lea Soelkner,AT,31,Downhill
1981-01-12,Blanca Fernandez Ochoa,ES,0,Giant Slalom
1981-01-12,Andreja Leskovsek,,0,Slalom
1981-01-12,Annemarie Steiner,AT,4,Downhill
1981-01-12,Diana Haight,CA,2,Combined
1981-01-12,Cindy Oak,US,21,Downhill
1981-01-12,Rita Naepflin,CH,1,Slalom
1981-01-12,Cindy Nelson,US,58,Downhill
1981-01-12,Holly Beth Flanders,US,29,Downhill
1981-01-12,Ingrid Eberle,AT,17,Downhill
1981-01-12,Paola Marciandi,IT,2,Slalom
1981-01-12,Marianne Zechmeister,DE,3,Downhill
1981-01-12,Fabienne Serrat,FR,93,Slalom
1981-01-12,Karen Lancaster,US,3,Giant Slalom
1981-01-12,Brigitte Gadient,CH,0,Combined
1981-01-12,Annemarie Bischofberger,CH,14,Downhill
1981-01-12,Lorena Frigo,IT,6,Slalom
1981-01-12,Nadia Bonfini,IT,0,Slalom
1981-01-12,Jana Soltysova,SK,47,Downhill
1981-01-12,Maria Maricich,US,1,Downhill
1981-01-12,Wanda Bieler,IT,15,Giant Slalom
1981-01-12,Anni Kronbichler,AT,0,Giant Slalom
1981-01-12,Daniela Zini,IT,43,Slalom
1981-01-12,Elisabeth Kraml,AT,1,Downhill
1981-01-12,Maria Rosa Quario,IT,37,Slalom
1981-01-12,Andrea Haaser,AT,0,Downhill
1981-01-13,Traudl Haecher,DE,12,Parallel
1981-01-13,Nadia Bonfini,IT,0,Slalom
1981-01-13,Laurie Graham,CA,11,Downhill
1981-01-13,Corinne Eugster,CH,0,Giant Slalom
1981-01-13,Fabienne Serrat,FR,93,Slalom
1981-01-13,Torill Fjelstadt,NO,35,Downhill
1981-01-13,Edith Peter,AT,29,Downhill
1981-01-13,Cornelia Proell,AT,56,Downhill
1981-01-13,Karin Unterseer,DE,0,Slalom
1981-01-13,Wanda Bieler,IT,15,Giant Slalom
1981-01-13,Heidi Wiesler,DE,8,Combined
1981-01-13,Nadezda Patrakjeva-andreeva,RU,39,Slalom
1981-01-13,Inge Krenn,AT,0,Combined
1981-01-13,Maria Epple,DE,3,Giant Slalom
1981-01-13,Cindy Nelson,US,62,Downhill
1981-01-13,Hanni Wenzel,LI,30,Giant Slalom
1981-01-13,Christine Klossner,CH,6,Downhill
1981-01-13,Maria Maricich,US,1,Downhill
1981-01-13,Brigitte Gadient,CH,0,Combined
1981-01-13,Maria Rosa Quario,IT,43,Slalom
1981-01-13,Catherine Quittet,FR,0,Downhill
1981-01-13,Andrea Haaser,AT,0,Downhill
1981-01-13,Doris De Agostini,CH,80,Downhill
1981-01-13,Natasa Blazic,,0,Slalom
1981-01-13,Olga Charvatova,SK,21,Giant Slalom
1981-01-13,Petra Wenzel,LI,9,Giant Slalom
1981-01-13,Anne Flore Rey,FR,1,Slalom
1981-01-13,Tamara McKinney,US,30,Giant Slalom
1981-01-13,Anni Kronbichler,AT,0,Giant Slalom
1981-01-13,Marianne Zechmeister,DE,3,Downhill
1981-01-13,Irene Epple,DE,75,Giant Slalom
1981-01-13,Christa Kinshofer,DE,41,Giant Slalom
1981-01-13,Regina Sackl,AT,0,Slalom
1981-01-13,Cindy Oak,US,21,Downhill
1981-01-13,Monika Henkel,DE,1,Combined
1981-01-13,Claudia Giordani,IT,46,Slalom
1981-01-13,Abbi Fisher,US,17,Slalom
1981-01-13,Christin Cooper,US,59,Slalom
1981-01-13,Holly Beth Flanders,US,29,Downhill
1981-01-13,Jana Soltysova,SK,47,Downhill
1981-01-13,Bojana Dornig,,16,Slalom
1981-01-13,Elisabeth Chaud,FR,7,Downhill
1981-01-13,Brigitte Nansoz,CH,3,Slalom
1981-01-13,Heidi Preuss,US,26,Downhill
1981-01-13,Rita Naepflin,CH,1,Slalom
1981-01-13,Michaela Gerg-Leitner,DE,5,Giant Slalom
1981-01-13,Caroline Attia,FR,20,Downhill
1981-01-13,Gerry Sorensen,CA,4,Downhill
1981-01-13,Andreja Leskovsek,,0,Slalom
1981-01-13,Lea Soelkner,AT,31,Downhill
1981-01-13,Edith Lindner,AT,2,Downhill
1981-01-13,Annemarie Steiner,AT,4,Downhill
1981-01-13,Paola Marciandi,IT,2,Slalom
1981-01-13,Daniela Zini,IT,54,Slalom
1981-01-13,Erika Hess,CH,97,Slalom
1981-01-13,Ariane Ehrat,CH,3,Downhill
1981-01-13,Diana Haight,CA,2,Combined
1981-01-13,Elisabeth Kirchler,AT,5,Downhill
1981-01-13,Karen Lancaster,US,3,Giant Slalom
1981-01-13,Rosi Aschenwald,AT,0,Slalom
1981-01-13,Metka Jerman,,0,Combined
1981-01-13,Perrine Pelen,FR,102,Slalom
1981-01-13,Maria Walliser,CH,21,Downhill
1981-01-13,Blanca Fernandez Ochoa,ES,0,Giant Slalom
1981-01-13,Ingrid Eberle,AT,17,Downhill
1981-01-13,Brigitte Glur,CH,4,Slalom
1981-01-13,Elisabeth Kraml,AT,1,Downhill
1981-01-13,Piera Macchi,IT,20,Slalom
1981-01-13,Sylvia Eder,AT,0,Downhill
1981-01-13,Marie Therese Nadig,CH,88,Downhill
1981-01-13,Lorena Frigo,IT,6,Slalom
1981-01-13,Paoletta Magoni,IT,3,Slalom
1981-01-13,Regine Moesenlechner,DE,9,Downhill
1981-01-13,Kathy Kreiner,CA,39,Downhill
1981-01-13,Annemarie Bischofberger,CH,14,Downhill
1981-01-13,Erika Gfrerer,AT,6,Downhill
1981-01-13,Sylviane Fabre,FR,6,Slalom
1981-01-13,Ursula Konzett,LI,20,Slalom
1981-01-13,Dorota Tlalka,PL,2,Slalom
1981-01-13,Anja Zavadlav,,6,Slalom
1981-01-13,Marie Lucie Waldmeier,FR,22,Downhill
1981-01-13,Roswitha Steiner,AT,5,Slalom
1981-01-13,Zoe Haas,CH,34,Downhill
1981-01-13,Marie Cecile Gros - Gaudenier,FR,7,Downhill
1981-01-19,Michaela Gerg-Leitner,DE,5,Giant Slalom
1981-01-19,Sylvia Eder,AT,0,Downhill
1981-01-19,Rita Naepflin,CH,1,Slalom
1981-01-19,Anni Kronbichler,AT,0,Giant Slalom
1981-01-19,Erika Hess,CH,97,Slalom
1981-01-19,Marianne Zechmeister,DE,3,Downhill
1981-01-19,Irene Epple,DE,75,Giant Slalom
1981-01-19,Roswitha Steiner,AT,5,Slalom
1981-01-19,Edith Peter,AT,29,Downhill
1981-01-19,Regina Sackl,AT,0,Slalom
1981-01-19,Anne Flore Rey,FR,1,Slalom
1981-01-19,Sylviane Fabre,FR,6,Slalom
1981-01-19,Marie Therese Nadig,CH,113,Downhill
1981-01-19,Cornelia Proell,AT,59,Downhill
1981-01-19,Ingrid Eberle,AT,17,Downhill
1981-01-19,Elisabeth Chaud,FR,7,Downhill
1981-01-19,Abbi Fisher,US,17,Slalom
1981-01-19,Holly Beth Flanders,US,37,Downhill
1981-01-19,Lorena Frigo,IT,6,Slalom
1981-01-19,Maria Rosa Quario,IT,43,Slalom
1981-01-19,Zoe Haas,CH,34,Downhill
1981-01-19,Wanda Bieler,IT,15,Giant Slalom
1981-01-19,Heidi Wiesler,DE,8,Combined
1981-01-19,Maria Maricich,US,1,Downhill
1981-01-19,Nadia Bonfini,IT,0,Slalom
1981-01-19,Olga Charvatova,SK,21,Giant Slalom
1981-01-19,Elisabeth Kraml,AT,11,Downhill
1981-01-19,Annemarie Bischofberger,CH,14,Downhill
1981-01-19,Gerry Sorensen,CA,4,Downhill
1981-01-19,Erika Gfrerer,AT,6,Downhill
1981-01-19,Natasa Blazic,,0,Slalom
1981-01-19,Cindy Nelson,US,69,Downhill
1981-01-19,Kathy Kreiner,CA,39,Downhill
1981-01-19,Inge Krenn,AT,0,Combined
1981-01-19,Brigitte Glur,CH,4,Slalom
1981-01-19,Claudia Giordani,IT,46,Slalom
1981-01-19,Andrea Haaser,AT,0,Downhill
1981-01-19,Petra Wenzel,LI,9,Giant Slalom
1981-01-19,Paola Marciandi,IT,2,Slalom
1981-01-19,Corinne Eugster,CH,0,Giant Slalom
1981-01-19,Jana Soltysova,SK,59,Downhill
1981-01-19,Paoletta Magoni,IT,3,Slalom
1981-01-19,Ursula Konzett,LI,20,Slalom
1981-01-19,Daniela Zini,IT,54,Slalom
1981-01-19,Doris De Agostini,CH,100,Downhill
1981-01-19,Regine Moesenlechner,DE,9,Downhill
1981-01-19,Heidi Preuss,US,26,Downhill
1981-01-19,Tamara McKinney,US,30,Giant Slalom
1981-01-19,Anja Zavadlav,,6,Slalom
1981-01-19,Ariane Ehrat,CH,3,Downhill
1981-01-19,Elisabeth Kirchler,AT,10,Downhill
1981-01-19,Torill Fjelstadt,NO,35,Downhill
1981-01-19,Christine Klossner,CH,6,Downhill
1981-01-19,Annemarie Steiner,AT,4,Downhill
1981-01-19,Edith Lindner,AT,2,Downhill
1981-01-19,Caroline Attia,FR,20,Downhill
1981-01-19,Maria Epple,DE,3,Giant Slalom
1981-01-19,Fabienne Serrat,FR,93,Slalom
1981-01-19,Christin Cooper,US,59,Slalom
1981-01-19,Andreja Leskovsek,,0,Slalom
1981-01-19,Laurie Graham,CA,11,Downhill
1981-01-19,Hanni Wenzel,LI,30,Giant Slalom
1981-01-19,Bojana Dornig,,16,Slalom
1981-01-19,Marie Cecile Gros - Gaudenier,FR,18,Downhill
1981-01-19,Cindy Oak,US,25,Downhill
1981-01-19,Dorota Tlalka,PL,2,Slalom
1981-01-19,Traudl Haecher,DE,13,Parallel
1981-01-19,Catherine Quittet,FR,2,Downhill
1981-01-19,Perrine Pelen,FR,102,Slalom
1981-01-19,Monika Henkel,DE,1,Combined
1981-01-19,Marie Lucie Waldmeier,FR,28,Downhill
1981-01-19,Christa Kinshofer,DE,56,Giant Slalom
1981-01-19,Piera Macchi,IT,20,Slalom
1981-01-19,Karen Lancaster,US,3,Giant Slalom
1981-01-19,Nadezda Patrakjeva-andreeva,RU,39,Slalom
1981-01-19,Rosi Aschenwald,AT,0,Slalom
1981-01-19,Karin Unterseer,DE,0,Slalom
1981-01-19,Lea Soelkner,AT,31,Downhill
1981-01-19,Maria Walliser,CH,30,Downhill
1981-01-19,Brigitte Nansoz,CH,3,Slalom
1981-01-19,Diana Haight,CA,2,Combined
1981-01-19,Brigitte Gadient,CH,0,Combined
1981-01-19,Blanca Fernandez Ochoa,ES,0,Giant Slalom
1981-01-19,Metka Jerman,,0,Combined
1981-01-21,Maria Maricich,US,1,Downhill
1981-01-21,Maria Maricich,US,1,Downhill
1981-01-21,Laurie Graham,CA,11,Downhill
1981-01-21,Fabienne Serrat,FR,93,Slalom
1981-01-21,Doris De Agostini,CH,100,Downhill
1981-01-21,Metka Jerman,,0,Combined
1981-01-21,Hanni Wenzel,LI,45,Giant Slalom
1981-01-21,Laurie Graham,CA,11,Downhill
1981-01-21,Doris De Agostini,CH,100,Downhill
1981-01-21,Sylvia Eder,AT,0,Downhill
1981-01-21,Petra Wenzel,LI,9,Giant Slalom
1981-01-21,Marie Lucie Waldmeier,FR,28,Downhill
1981-01-21,Marie Lucie Waldmeier,FR,28,Downhill
1981-01-21,Marie Cecile Gros - Gaudenier,FR,18,Downhill
1981-01-21,Marie Cecile Gros - Gaudenier,FR,18,Downhill
1981-01-21,Brigitte Gadient,CH,0,Combined
1981-01-21,Anja Zavadlav,,6,Slalom
1981-01-21,Karin Unterseer,DE,0,Slalom
1981-01-21,Christin Cooper,US,59,Slalom
1981-01-21,Fabienne Serrat,FR,100,Slalom
1981-01-21,Paola Marciandi,IT,3,Slalom
1981-01-21,Perrine Pelen,FR,102,Slalom
1981-01-21,Perrine Pelen,FR,102,Slalom
1981-01-21,Sylviane Fabre,FR,6,Slalom
1981-01-21,Sylviane Fabre,FR,6,Slalom
1981-01-21,Sylvia Eder,AT,0,Downhill
1981-01-21,Anja Zavadlav,,7,Slalom
1981-01-21,Nadia Bonfini,IT,0,Slalom
1981-01-21,Petra Wenzel,LI,9,Giant Slalom
1981-01-21,Paola Marciandi,IT,3,Slalom
1981-01-21,Cornelia Proell,AT,59,Downhill
1981-01-21,Anni Kronbichler,AT,0,Giant Slalom
1981-01-21,Cindy Oak,US,25,Downhill
1981-01-21,Christine Klossner,CH,6,Downhill
1981-01-21,Christine Klossner,CH,6,Downhill
1981-01-21,Cindy Oak,US,25,Downhill
1981-01-21,Jana Soltysova,SK,59,Downhill
1981-01-21,Jana Soltysova,SK,59,Downhill
1981-01-21,Cornelia Proell,AT,59,Downhill
1981-01-21,Heidi Preuss,US,26,Downhill
1981-01-21,Anni Kronbichler,AT,0,Giant Slalom
1981-01-21,Inge Krenn,AT,0,Combined
1981-01-21,Claudia Giordani,IT,46,Slalom
1981-01-21,Inge Krenn,AT,0,Combined
1981-01-21,Elisabeth Chaud,FR,7,Downhill
1981-01-21,Elisabeth Chaud,FR,7,Downhill
1981-01-21,Karin Unterseer,DE,0,Slalom
1981-01-21,Heidi Preuss,US,26,Downhill
1981-01-21,Brigitte Glur,CH,4,Slalom
1981-01-21,Maria Epple,DE,6,Giant Slalom
1981-01-21,Erika Gfrerer,AT,6,Downhill
1981-01-21,Annemarie Bischofberger,CH,14,Downhill
1981-01-21,Annemarie Bischofberger,CH,14,Downhill
1981-01-21,Kathy Kreiner,CA,39,Downhill
1981-01-21,Kathy Kreiner,CA,39,Downhill
1981-01-21,Paoletta Magoni,IT,5,Slalom
1981-01-21,Lorena Frigo,IT,6,Slalom
1981-01-21,Lorena Frigo,IT,6,Slalom
1981-01-21,Ingrid Eberle,AT,17,Downhill
1981-01-21,Ingrid Eberle,AT,17,Downhill
1981-01-21,Lea Soelkner,AT,31,Downhill
1981-01-21,Lea Soelkner,AT,31,Downhill
1981-01-21,Diana Haight,CA,2,Combined
1981-01-21,Diana Haight,CA,2,Combined
1981-01-21,Daniela Zini,IT,65,Slalom
1981-01-21,Blanca Fernandez Ochoa,ES,0,Giant Slalom
1981-01-21,Claudia Giordani,IT,46,Slalom
1981-01-21,Maria Walliser,CH,30,Downhill
1981-01-21,Rosi Aschenwald,AT,0,Slalom
1981-01-21,Marie Therese Nadig,CH,113,Downhill
1981-01-21,Edith Lindner,AT,2,Downhill
1981-01-21,Gerry Sorensen,CA,4,Downhill
1981-01-21,Roswitha Steiner,AT,5,Slalom
1981-01-21,Roswitha Steiner,AT,5,Slalom
1981-01-21,Gerry Sorensen,CA,4,Downhill
1981-01-21,Brigitte Nansoz,CH,3,Slalom
1981-01-21,Ursula Konzett,LI,20,Slalom
1981-01-21,Hanni Wenzel,LI,45,Giant Slalom
1981-01-21,Ursula Konzett,LI,30,Slalom
1981-01-21,Elisabeth Kirchler,AT,10,Downhill
1981-01-21,Rosi Aschenwald,AT,0,Slalom
1981-01-21,Piera Macchi,IT,20,Slalom
1981-01-21,Elisabeth Kirchler,AT,10,Downhill
1981-01-21,Nadia Bonfini,IT,0,Slalom
1981-01-21,Paoletta Magoni,IT,5,Slalom
1981-01-21,Piera Macchi,IT,28,Slalom
1981-01-21,Edith Lindner,AT,2,Downhill
1981-01-21,Annemarie Steiner,AT,4,Downhill
1981-01-21,Maria Walliser,CH,36,Downhill
1981-01-21,Maria Rosa Quario,IT,43,Slalom
1981-01-21,Christa Kinshofer,DE,56,Giant Slalom
1981-01-21,Andrea Haaser,AT,0,Downhill
1981-01-21,Andrea Haaser,AT,0,Downhill
1981-01-21,Rita Naepflin,CH,1,Slalom
1981-01-21,Regina Sackl,AT,0,Slalom
1981-01-21,Regina Sackl,AT,0,Slalom
1981-01-21,Blanca Fernandez Ochoa,ES,0,Giant Slalom
1981-01-21,Rita Naepflin,CH,1,Slalom
1981-01-21,Traudl Haecher,DE,13,Parallel
1981-01-21,Traudl Haecher,DE,13,Parallel
1981-01-21,Nadezda Patrakjeva-andreeva,RU,39,Slalom
1981-01-21,Nadezda Patrakjeva-andreeva,RU,39,Slalom
1981-01-21,Karen Lancaster,US,3,Giant Slalom
1981-01-21,Karen Lancaster,US,3,Giant Slalom
1981-01-21,Maria Rosa Quario,IT,43,Slalom
1981-01-21,Annemarie Steiner,AT,4,Downhill
1981-01-21,Marie Therese Nadig,CH,122,Downhill
1981-01-21,Marianne Zechmeister,DE,3,Downhill
1981-01-21,Daniela Zini,IT,65,Slalom
1981-01-21,Corinne Eugster,CH,0,Giant Slalom
1981-01-21,Corinne Eugster,CH,0,Giant Slalom
1981-01-21,Wanda Bieler,IT,15,Giant Slalom
1981-01-21,Wanda Bieler,IT,15,Giant Slalom
1981-01-21,Torill Fjelstadt,NO,35,Downhill
1981-01-21,Torill Fjelstadt,NO,35,Downhill
1981-01-21,Andreja Leskovsek,,0,Slalom
1981-01-21,Andreja Leskovsek,,0,Slalom
1981-01-21,Regine Moesenlechner,DE,9,Downhill
1981-01-21,Holly Beth Flanders,US,37,Downhill
1981-01-21,Holly Beth Flanders,US,37,Downhill
1981-01-21,Regine Moesenlechner,DE,9,Downhill
1981-01-21,Brigitte Glur,CH,9,Slalom
1981-01-21,Christa Kinshofer,DE,65,Giant Slalom
1981-01-21,Marianne Zechmeister,DE,3,Downhill
1981-01-21,Edith Peter,AT,29,Downhill
1981-01-21,Brigitte Nansoz,CH,3,Slalom
1981-01-21,Elisabeth Kraml,AT,11,Downhill
1981-01-21,Catherine Quittet,FR,2,Downhill
1981-01-21,Elisabeth Kraml,AT,11,Downhill
1981-01-21,Cindy Nelson,US,69,Downhill
1981-01-21,Bojana Dornig,,16,Slalom
1981-01-21,Caroline Attia,FR,20,Downhill
1981-01-21,Caroline Attia,FR,20,Downhill
1981-01-21,Erika Hess,CH,97,Slalom
1981-01-21,Bojana Dornig,,16,Slalom
1981-01-21,Ariane Ehrat,CH,3,Downhill
1981-01-21,Natasa Blazic,,0,Slalom
1981-01-21,Ariane Ehrat,CH,3,Downhill
1981-01-21,Dorota Tlalka,PL,2,Slalom
1981-01-21,Cindy Nelson,US,73,Downhill
1981-01-21,Dorota Tlalka,PL,2,Slalom
1981-01-21,Heidi Wiesler,DE,8,Combined
1981-01-21,Olga Charvatova,SK,21,Giant Slalom
1981-01-21,Irene Epple,DE,79,Giant Slalom
1981-01-21,Tamara McKinney,US,30,Giant Slalom
1981-01-21,Tamara McKinney,US,30,Giant Slalom
1981-01-21,Abbi Fisher,US,17,Slalom
1981-01-21,Catherine Quittet,FR,2,Downhill
1981-01-21,Edith Peter,AT,29,Downhill
1981-01-21,Anne Flore Rey,FR,1,Slalom
1981-01-21,Anne Flore Rey,FR,1,Slalom
1981-01-21,Brigitte Gadient,CH,3,Combined
1981-01-21,Olga Charvatova,SK,27,Giant Slalom
1981-01-21,Abbi Fisher,US,29,Slalom
1981-01-21,Michaela Gerg-Leitner,DE,5,Giant Slalom
1981-01-21,Irene Epple,DE,79,Giant Slalom
1981-01-21,Michaela Gerg-Leitner,DE,5,Giant Slalom
1981-01-21,Maria Epple,DE,6,Giant Slalom
1981-01-21,Metka Jerman,,2,Combined
1981-01-21,Monika Henkel,DE,1,Combined
1981-01-21,Monika Henkel,DE,1,Combined
1981-01-21,Zoe Haas,CH,34,Downhill
1981-01-21,Heidi Wiesler,DE,13,Combined
1981-01-21,Natasa Blazic,,0,Slalom
1981-01-21,Zoe Haas,CH,34,Downhill
1981-01-21,Erika Hess,CH,122,Slalom
1981-01-21,Christin Cooper,US,79,Slalom
1981-01-21,Erika Gfrerer,AT,6,Downhill
1981-01-22,Andreja Leskovsek,,0,Slalom
1981-01-22,Olga Charvatova,SK,27,Giant Slalom
1981-01-22,Paola Marciandi,IT,3,Slalom
1981-01-22,Karen Lancaster,US,3,Giant Slalom
1981-01-22,Rita Naepflin,CH,1,Slalom
1981-01-22,Heidi Wiesler,DE,13,Combined
1981-01-22,Elisabeth Chaud,FR,7,Downhill
1981-01-22,Wanda Bieler,IT,25,Giant Slalom
1981-01-22,Traudl Haecher,DE,13,Parallel
1981-01-22,Fabienne Serrat,FR,100,Slalom
1981-01-22,Torill Fjelstadt,NO,35,Downhill
1981-01-22,Inge Krenn,AT,0,Combined
1981-01-22,Nadezda Patrakjeva-andreeva,RU,39,Slalom
1981-01-22,Erika Gfrerer,AT,6,Downhill
1981-01-22,Anni Kronbichler,AT,7,Giant Slalom
1981-01-22,Blanca Fernandez Ochoa,ES,0,Giant Slalom
1981-01-22,Marie Therese Nadig,CH,133,Downhill
1981-01-22,Erika Hess,CH,124,Slalom
1981-01-22,Marianne Zechmeister,DE,3,Downhill
1981-01-22,Metka Jerman,,2,Combined
1981-01-22,Catherine Quittet,FR,2,Downhill
1981-01-22,Laurie Graham,CA,11,Downhill
1981-01-22,Andrea Haaser,AT,0,Downhill
1981-01-22,Tamara McKinney,US,55,Giant Slalom
1981-01-22,Cindy Oak,US,25,Downhill
1981-01-22,Natasa Blazic,,0,Slalom
1981-01-22,Christa Kinshofer,DE,73,Giant Slalom
1981-01-22,Petra Wenzel,LI,9,Giant Slalom
1981-01-22,Brigitte Glur,CH,9,Slalom
1981-01-22,Doris De Agostini,CH,100,Downhill
1981-01-22,Nadia Bonfini,IT,0,Slalom
1981-01-22,Zoe Haas,CH,35,Downhill
1981-01-22,Holly Beth Flanders,US,37,Downhill
1981-01-22,Regina Sackl,AT,0,Slalom
1981-01-22,Maria Rosa Quario,IT,43,Slalom
1981-01-22,Jana Soltysova,SK,59,Downhill
1981-01-22,Elisabeth Kraml,AT,11,Downhill
1981-01-22,Brigitte Gadient,CH,3,Combined
1981-01-22,Corinne Eugster,CH,0,Giant Slalom
1981-01-22,Regine Moesenlechner,DE,12,Downhill
1981-01-22,Rosi Aschenwald,AT,0,Slalom
1981-01-22,Hanni Wenzel,LI,65,Giant Slalom
1981-01-22,Irene Epple,DE,94,Giant Slalom
1981-01-22,Bojana Dornig,,16,Slalom
1981-01-22,Elisabeth Kirchler,AT,10,Downhill
1981-01-22,Piera Macchi,IT,28,Slalom
1981-01-22,Michaela Gerg-Leitner,DE,5,Giant Slalom
1981-01-22,Karin Unterseer,DE,0,Slalom
1981-01-22,Ursula Konzett,LI,30,Slalom
1981-01-22,Sylvia Eder,AT,0,Downhill
1981-01-22,Gerry Sorensen,CA,4,Downhill
1981-01-22,Anja Zavadlav,,7,Slalom
1981-01-22,Christin Cooper,US,91,Slalom
1981-01-22,Roswitha Steiner,AT,5,Slalom
1981-01-22,Marie Cecile Gros - Gaudenier,FR,18,Downhill
1981-01-22,Cornelia Proell,AT,59,Downhill
1981-01-22,Maria Epple,DE,6,Giant Slalom
1981-01-22,Monika Henkel,DE,1,Combined
1981-01-22,Edith Lindner,AT,2,Downhill
1981-01-22,Cindy Nelson,US,79,Downhill
1981-01-22,Edith Peter,AT,29,Downhill
1981-01-22,Brigitte Nansoz,CH,3,Slalom
1981-01-22,Maria Maricich,US,1,Downhill
1981-01-22,Paoletta Magoni,IT,5,Slalom
1981-01-22,Perrine Pelen,FR,107,Slalom
1981-01-22,Christine Klossner,CH,6,Downhill
1981-01-22,Marie Lucie Waldmeier,FR,28,Downhill
1981-01-22,Annemarie Steiner,AT,4,Downhill
1981-01-22,Daniela Zini,IT,74,Slalom
1981-01-22,Maria Walliser,CH,36,Downhill
1981-01-22,Anne Flore Rey,FR,1,Slalom
1981-01-22,Dorota Tlalka,PL,2,Slalom
1981-01-22,Lea Soelkner,AT,31,Downhill
1981-01-22,Ingrid Eberle,AT,17,Downhill
1981-01-22,Annemarie Bischofberger,CH,14,Downhill
1981-01-22,Diana Haight,CA,2,Combined
1981-01-22,Abbi Fisher,US,29,Slalom
1981-01-22,Caroline Attia,FR,20,Downhill
1981-01-22,Heidi Preuss,US,26,Downhill
1981-01-22,Kathy Kreiner,CA,39,Downhill
1981-01-22,Ariane Ehrat,CH,3,Downhill
1981-01-22,Sylviane Fabre,FR,6,Slalom
1981-01-22,Claudia Giordani,IT,50,Slalom
1981-01-22,Lorena Frigo,IT,6,Slalom
1981-01-24,Petra Wenzel,LI,9,Giant Slalom
1981-01-24,Brigitte Glur,CH,9,Slalom
1981-01-24,Monika Henkel,DE,1,Combined
1981-01-24,Irene Epple,DE,94,Giant Slalom
1981-01-24,Ingrid Eberle,AT,17,Downhill
1981-01-24,Bojana Dornig,,16,Slalom
1981-01-24,Inge Krenn,AT,0,Combined
1981-01-24,Brigitte Nansoz,CH,3,Slalom
1981-01-24,Maria Maricich,US,1,Downhill
1981-01-24,Fabienne Serrat,FR,105,Slalom
1981-01-24,Natasa Blazic,,0,Slalom
1981-01-24,Elisabeth Kraml,AT,11,Downhill
1981-01-24,Brigitte Gadient,CH,3,Combined
1981-01-24,Marie Therese Nadig,CH,139,Downhill
1981-01-24,Elisabeth Chaud,FR,7,Downhill
1981-01-24,Rita Naepflin,CH,1,Slalom
1981-01-24,Karen Lancaster,US,3,Giant Slalom
1981-01-24,Jana Soltysova,SK,59,Downhill
1981-01-24,Piera Macchi,IT,29,Slalom
1981-01-24,Paoletta Magoni,IT,5,Slalom
1981-01-24,Elisabeth Kirchler,AT,10,Downhill
1981-01-24,Ursula Konzett,LI,30,Slalom
1981-01-24,Gerry Sorensen,CA,4,Downhill
1981-01-24,Roswitha Steiner,AT,5,Slalom
1981-01-24,Edith Peter,AT,29,Downhill
1981-01-24,Edith Lindner,AT,2,Downhill
1981-01-24,Cindy Oak,US,25,Downhill
1981-01-24,Cindy Nelson,US,83,Downhill
1981-01-24,Caroline Attia,FR,20,Downhill
1981-01-24,Maria Epple,DE,18,Giant Slalom
1981-01-24,Anne Flore Rey,FR,1,Slalom
1981-01-24,Dorota Tlalka,PL,2,Slalom
1981-01-24,Ariane Ehrat,CH,3,Downhill
1981-01-24,Abbi Fisher,US,29,Slalom
1981-01-24,Tamara McKinney,US,80,Giant Slalom
1981-01-24,Heidi Wiesler,DE,13,Combined
1981-01-24,Erika Hess,CH,124,Slalom
1981-01-24,Rosi Aschenwald,AT,0,Slalom
1981-01-24,Nadia Bonfini,IT,0,Slalom
1981-01-24,Annemarie Bischofberger,CH,14,Downhill
1981-01-24,Lorena Frigo,IT,6,Slalom
1981-01-24,Nadezda Patrakjeva-andreeva,RU,39,Slalom
1981-01-24,Traudl Haecher,DE,13,Parallel
1981-01-24,Regina Sackl,AT,0,Slalom
1981-01-24,Maria Rosa Quario,IT,51,Slalom
1981-01-24,Marianne Zechmeister,DE,3,Downhill
1981-01-24,Andrea Haaser,AT,0,Downhill
1981-01-24,Christa Kinshofer,DE,93,Giant Slalom
1981-01-24,Regine Moesenlechner,DE,12,Downhill
1981-01-24,Holly Beth Flanders,US,37,Downhill
1981-01-24,Andreja Leskovsek,,0,Slalom
1981-01-24,Torill Fjelstadt,NO,35,Downhill
1981-01-24,Wanda Bieler,IT,36,Giant Slalom
1981-01-24,Corinne Eugster,CH,0,Giant Slalom
1981-01-24,Annemarie Steiner,AT,4,Downhill
1981-01-24,Blanca Fernandez Ochoa,ES,0,Giant Slalom
1981-01-24,Maria Walliser,CH,36,Downhill
1981-01-24,Daniela Zini,IT,84,Slalom
1981-01-24,Lea Soelkner,AT,31,Downhill
1981-01-24,Diana Haight,CA,2,Combined
1981-01-24,Kathy Kreiner,CA,39,Downhill
1981-01-24,Catherine Quittet,FR,2,Downhill
1981-01-24,Michaela Gerg-Leitner,DE,5,Giant Slalom
1981-01-24,Olga Charvatova,SK,30,Giant Slalom
1981-01-24,Perrine Pelen,FR,116,Slalom
1981-01-24,Marie Lucie Waldmeier,FR,28,Downhill
1981-01-24,Karin Unterseer,DE,0,Slalom
1981-01-24,Paola Marciandi,IT,3,Slalom
1981-01-24,Doris De Agostini,CH,100,Downhill
1981-01-24,Metka Jerman,,2,Combined
1981-01-24,Heidi Preuss,US,28,Downhill
1981-01-24,Laurie Graham,CA,11,Downhill
1981-01-24,Sylviane Fabre,FR,6,Slalom
1981-01-24,Hanni Wenzel,LI,80,Giant Slalom
1981-01-24,Cornelia Proell,AT,59,Downhill
1981-01-24,Claudia Giordani,IT,57,Slalom
1981-01-24,Anni Kronbichler,AT,7,Giant Slalom
1981-01-24,Anja Zavadlav,,7,Slalom
1981-01-24,Zoe Haas,CH,35,Downhill
1981-01-24,Sylvia Eder,AT,0,Downhill
1981-01-24,Christine Klossner,CH,6,Downhill
1981-01-24,Christin Cooper,US,91,Slalom
1981-01-24,Erika Gfrerer,AT,6,Downhill
1981-01-24,Marie Cecile Gros - Gaudenier,FR,18,Downhill
1981-01-28,Corinne Eugster,CH,0,Giant Slalom
1981-01-28,Maria Maricich,US,1,Downhill
1981-01-28,Karin Unterseer,DE,0,Slalom
1981-01-28,Annemarie Steiner,AT,4,Downhill
1981-01-28,Annemarie Steiner,AT,4,Downhill
1981-01-28,Corinne Eugster,CH,0,Giant Slalom
1981-01-28,Maria Maricich,US,1,Downhill
1981-01-28,Diana Haight,CA,2,Combined
1981-01-28,Sylviane Fabre,FR,6,Slalom
1981-01-28,Sylviane Fabre,FR,6,Slalom
1981-01-28,Karin Unterseer,DE,0,Slalom
1981-01-28,Inge Krenn,AT,0,Combined
1981-01-28,Andreja Leskovsek,,0,Slalom
1981-01-28,Regina Sackl,AT,0,Slalom
1981-01-28,Andrea Haaser,AT,2,Downhill
1981-01-28,Karen Lancaster,US,3,Giant Slalom
1981-01-28,Elisabeth Chaud,FR,7,Downhill
1981-01-28,Karen Lancaster,US,3,Giant Slalom
1981-01-28,Regina Sackl,AT,0,Slalom
1981-01-28,Elisabeth Chaud,FR,7,Downhill
1981-01-28,Andreja Leskovsek,,0,Slalom
1981-01-28,Anni Kronbichler,AT,7,Giant Slalom
1981-01-28,Marianne Zechmeister,DE,3,Downhill
1981-01-28,Anni Kronbichler,AT,7,Giant Slalom
1981-01-28,Paola Marciandi,IT,3,Slalom
1981-01-28,Andrea Haaser,AT,2,Downhill
1981-01-28,Paola Marciandi,IT,3,Slalom
1981-01-28,Brigitte Glur,CH,9,Slalom
1981-01-28,Brigitte Glur,CH,9,Slalom
1981-01-28,Marianne Zechmeister,DE,3,Downhill
1981-01-28,Diana Haight,CA,2,Combined
1981-01-28,Catherine Quittet,FR,2,Downhill
1981-01-28,Lorena Frigo,IT,6,Slalom
1981-01-28,Erika Gfrerer,AT,10,Downhill
1981-01-28,Nadia Bonfini,IT,0,Slalom
1981-01-28,Anne Flore Rey,FR,1,Slalom
1981-01-28,Anne Flore Rey,FR,1,Slalom
1981-01-28,Brigitte Gadient,CH,3,Combined
1981-01-28,Dorota Tlalka,PL,2,Slalom
1981-01-28,Dorota Tlalka,PL,2,Slalom
1981-01-28,Christine Klossner,CH,6,Downhill
1981-01-28,Brigitte Gadient,CH,3,Combined
1981-01-28,Ariane Ehrat,CH,3,Downhill
1981-01-28,Ariane Ehrat,CH,3,Downhill
1981-01-28,Nadia Bonfini,IT,0,Slalom
1981-01-28,Heidi Wiesler,DE,13,Combined
1981-01-28,Heidi Wiesler,DE,13,Combined
1981-01-28,Natasa Blazic,,0,Slalom
1981-01-28,Natasa Blazic,,0,Slalom
1981-01-28,Erika Gfrerer,AT,10,Downhill
1981-01-28,Inge Krenn,AT,1,Combined
1981-01-28,Michaela Gerg-Leitner,DE,5,Giant Slalom
1981-01-28,Michaela Gerg-Leitner,DE,5,Giant Slalom
1981-01-28,Anja Zavadlav,,7,Slalom
1981-01-28,Rosi Aschenwald,AT,0,Slalom
1981-01-28,Catherine Quittet,FR,2,Downhill
1981-01-28,Anja Zavadlav,,7,Slalom
1981-01-28,Paoletta Magoni,IT,5,Slalom
1981-01-28,Paoletta Magoni,IT,5,Slalom
1981-01-28,Metka Jerman,,2,Combined
1981-01-28,Roswitha Steiner,AT,5,Slalom
1981-01-28,Roswitha Steiner,AT,5,Slalom
1981-01-28,Brigitte Nansoz,CH,3,Slalom
1981-01-28,Brigitte Nansoz,CH,3,Slalom
1981-01-28,Metka Jerman,,2,Combined
1981-01-28,Monika Henkel,DE,1,Combined
1981-01-28,Monika Henkel,DE,1,Combined
1981-01-28,Christine Klossner,CH,6,Downhill
1981-01-28,Edith Lindner,AT,2,Downhill
1981-01-28,Edith Lindner,AT,2,Downhill
1981-01-28,Lorena Frigo,IT,6,Slalom
1981-01-28,Rosi Aschenwald,AT,0,Slalom
1981-01-28,Rita Naepflin,CH,1,Slalom
1981-01-28,Piera Macchi,IT,29,Slalom
1981-01-28,Perrine Pelen,FR,116,Slalom
1981-01-28,Regine Moesenlechner,DE,18,Downhill
1981-01-28,Regine Moesenlechner,DE,18,Downhill
1981-01-28,Fabienne Serrat,FR,114,Slalom
1981-01-28,Abbi Fisher,US,29,Slalom
1981-01-28,Christa Kinshofer,DE,93,Giant Slalom
1981-01-28,Cindy Oak,US,25,Downhill
1981-01-28,Cindy Oak,US,25,Downhill
1981-01-28,Abbi Fisher,US,34,Slalom
1981-01-28,Christa Kinshofer,DE,105,Giant Slalom
1981-01-28,Tamara McKinney,US,80,Giant Slalom
1981-01-28,Traudl Haecher,DE,21,Parallel
1981-01-28,Traudl Haecher,DE,21,Parallel
1981-01-28,Irene Epple,DE,94,Giant Slalom
1981-01-28,Hanni Wenzel,LI,80,Giant Slalom
1981-01-28,Elisabeth Kraml,AT,11,Downhill
1981-01-28,Elisabeth Kraml,AT,11,Downhill
1981-01-28,Tamara McKinney,US,100,Giant Slalom
1981-01-28,Erika Hess,CH,124,Slalom
1981-01-28,Cornelia Proell,AT,70,Downhill
1981-01-28,Cornelia Proell,AT,70,Downhill
1981-01-28,Torill Fjelstadt,NO,35,Downhill
1981-01-28,Irene Epple,DE,104,Giant Slalom
1981-01-28,Erika Hess,CH,124,Slalom
1981-01-28,Petra Wenzel,LI,9,Giant Slalom
1981-01-28,Petra Wenzel,LI,9,Giant Slalom
1981-01-28,Torill Fjelstadt,NO,50,Downhill
1981-01-28,Edith Peter,AT,29,Downhill
1981-01-28,Edith Peter,AT,29,Downhill
1981-01-28,Maria Rosa Quario,IT,51,Slalom
1981-01-28,Caroline Attia,FR,20,Downhill
1981-01-28,Maria Rosa Quario,IT,51,Slalom
1981-01-28,Gerry Sorensen,CA,4,Downhill
1981-01-28,Nadezda Patrakjeva-andreeva,RU,39,Slalom
1981-01-28,Jana Soltysova,SK,59,Downhill
1981-01-28,Jana Soltysova,SK,63,Downhill
1981-01-28,Marie Cecile Gros - Gaudenier,FR,24,Downhill
1981-01-28,Heidi Preuss,US,28,Downhill
1981-01-28,Claudia Giordani,IT,57,Slalom
1981-01-28,Heidi Preuss,US,36,Downhill
1981-01-28,Claudia Giordani,IT,57,Slalom
1981-01-28,Maria Epple,DE,18,Giant Slalom
1981-01-28,Maria Epple,DE,18,Giant Slalom
1981-01-28,Marie Cecile Gros - Gaudenier,FR,24,Downhill
1981-01-28,Maria Walliser,CH,36,Downhill
1981-01-28,Cindy Nelson,US,83,Downhill
1981-01-28,Cindy Nelson,US,84,Downhill
1981-01-28,Fabienne Serrat,FR,114,Slalom
1981-01-28,Gerry Sorensen,CA,7,Downhill
1981-01-28,Laurie Graham,CA,11,Downhill
1981-01-28,Sylvia Eder,AT,0,Downhill
1981-01-28,Sylvia Eder,AT,0,Downhill
1981-01-28,Christin Cooper,US,91,Slalom
1981-01-28,Christin Cooper,US,91,Slalom
1981-01-28,Zoe Haas,CH,35,Downhill
1981-01-28,Zoe Haas,CH,37,Downhill
1981-01-28,Olga Charvatova,SK,30,Giant Slalom
1981-01-28,Olga Charvatova,SK,30,Giant Slalom
1981-01-28,Nadezda Patrakjeva-andreeva,RU,39,Slalom
1981-01-28,Marie Lucie Waldmeier,FR,28,Downhill
1981-01-28,Marie Lucie Waldmeier,FR,28,Downhill
1981-01-28,Perrine Pelen,FR,127,Slalom
1981-01-28,Hanni Wenzel,LI,85,Giant Slalom
1981-01-28,Rita Naepflin,CH,1,Slalom
1981-01-28,Laurie Graham,CA,11,Downhill
1981-01-28,Ursula Konzett,LI,30,Slalom
1981-01-28,Caroline Attia,FR,20,Downhill
1981-01-28,Holly Beth Flanders,US,37,Downhill
1981-01-28,Doris De Agostini,CH,100,Downhill
1981-01-28,Piera Macchi,IT,29,Slalom
1981-01-28,Blanca Fernandez Ochoa,ES,0,Giant Slalom
1981-01-28,Marie Therese Nadig,CH,159,Downhill
1981-01-28,Lea Soelkner,AT,31,Downhill
1981-01-28,Bojana Dornig,,16,Slalom
1981-01-28,Bojana Dornig,,16,Slalom
1981-01-28,Lea Soelkner,AT,31,Downhill
1981-01-28,Ingrid Eberle,AT,17,Downhill
1981-01-28,Kathy Kreiner,CA,39,Downhill
1981-01-28,Elisabeth Kirchler,AT,10,Downhill
1981-01-28,Ingrid Eberle,AT,17,Downhill
1981-01-28,Daniela Zini,IT,84,Slalom
1981-01-28,Daniela Zini,IT,84,Slalom
1981-01-28,Elisabeth Kirchler,AT,10,Downhill
1981-01-28,Doris De Agostini,CH,125,Downhill
1981-01-28,Maria Walliser,CH,44,Downhill
1981-01-28,Ursula Konzett,LI,30,Slalom
1981-01-28,Wanda Bieler,IT,36,Giant Slalom
1981-01-28,Holly Beth Flanders,US,49,Downhill
1981-01-28,Annemarie Bischofberger,CH,14,Downhill
1981-01-28,Annemarie Bischofberger,CH,14,Downhill
1981-01-28,Wanda Bieler,IT,36,Giant Slalom
1981-01-28,Blanca Fernandez Ochoa,ES,0,Giant Slalom
1981-01-28,Kathy Kreiner,CA,48,Downhill
1981-01-28,Marie Therese Nadig,CH,159,Downhill
1981-01-29,Dorota Tlalka,PL,2,Slalom
1981-01-29,Paola Marciandi,IT,3,Slalom
1981-01-29,Sylviane Fabre,FR,6,Slalom
1981-01-29,Olga Charvatova,SK,30,Giant Slalom
1981-01-29,Tamara McKinney,US,100,Giant Slalom
1981-01-29,Marie Lucie Waldmeier,FR,28,Downhill
1981-01-29,Heidi Wiesler,DE,13,Combined
1981-01-29,Wanda Bieler,IT,36,Giant Slalom
1981-01-29,Gerry Sorensen,CA,18,Downhill
1981-01-29,Ariane Ehrat,CH,3,Downhill
1981-01-29,Ingrid Eberle,AT,17,Downhill
1981-01-29,Regina Sackl,AT,0,Slalom
1981-01-29,Hanni Wenzel,LI,89,Giant Slalom
1981-01-29,Metka Jerman,,2,Combined
1981-01-29,Lorena Frigo,IT,6,Slalom
1981-01-29,Natasa Blazic,,0,Slalom
1981-01-29,Erika Gfrerer,AT,10,Downhill
1981-01-29,Zoe Haas,CH,37,Downhill
1981-01-29,Marie Therese Nadig,CH,184,Downhill
1981-01-29,Jana Soltysova,SK,72,Downhill
1981-01-29,Marie Cecile Gros - Gaudenier,FR,32,Downhill
1981-01-29,Brigitte Glur,CH,9,Slalom
1981-01-29,Nadia Bonfini,IT,0,Slalom
1981-01-29,Maria Walliser,CH,55,Downhill
1981-01-29,Heidi Preuss,US,41,Downhill
1981-01-29,Christine Klossner,CH,6,Downhill
1981-01-29,Claudia Giordani,IT,57,Slalom
1981-01-29,Maria Epple,DE,18,Giant Slalom
1981-01-29,Annemarie Steiner,AT,4,Downhill
1981-01-29,Nadezda Patrakjeva-andreeva,RU,39,Slalom
1981-01-29,Anja Zavadlav,,7,Slalom
1981-01-29,Inge Krenn,AT,1,Combined
1981-01-29,Laurie Graham,CA,11,Downhill
1981-01-29,Cindy Nelson,US,91,Downhill
1981-01-29,Fabienne Serrat,FR,114,Slalom
1981-01-29,Lea Soelkner,AT,31,Downhill
1981-01-29,Brigitte Gadient,CH,3,Combined
1981-01-29,Perrine Pelen,FR,127,Slalom
1981-01-29,Sylvia Eder,AT,0,Downhill
1981-01-29,Elisabeth Kirchler,AT,10,Downhill
1981-01-29,Christin Cooper,US,91,Slalom
1981-01-29,Maria Maricich,US,1,Downhill
1981-01-29,Kathy Kreiner,CA,48,Downhill
1981-01-29,Annemarie Bischofberger,CH,14,Downhill
1981-01-29,Brigitte Nansoz,CH,3,Slalom
1981-01-29,Karin Unterseer,DE,0,Slalom
1981-01-29,Piera Macchi,IT,29,Slalom
1981-01-29,Petra Wenzel,LI,9,Giant Slalom
1981-01-29,Holly Beth Flanders,US,61,Downhill
1981-01-29,Caroline Attia,FR,20,Downhill
1981-01-29,Rosi Aschenwald,AT,0,Slalom
1981-01-29,Catherine Quittet,FR,2,Downhill
1981-01-29,Irene Epple,DE,107,Giant Slalom
1981-01-29,Monika Henkel,DE,1,Combined
1981-01-29,Blanca Fernandez Ochoa,ES,0,Giant Slalom
1981-01-29,Torill Fjelstadt,NO,52,Downhill
1981-01-29,Edith Lindner,AT,3,Downhill
1981-01-29,Christa Kinshofer,DE,105,Giant Slalom
1981-01-29,Traudl Haecher,DE,21,Parallel
1981-01-29,Cornelia Proell,AT,85,Downhill
1981-01-29,Rita Naepflin,CH,1,Slalom
1981-01-29,Bojana Dornig,,16,Slalom
1981-01-29,Erika Hess,CH,124,Slalom
1981-01-29,Elisabeth Chaud,FR,7,Downhill
1981-01-29,Elisabeth Kraml,AT,11,Downhill
1981-01-29,Doris De Agostini,CH,145,Downhill
1981-01-29,Edith Peter,AT,35,Downhill
1981-01-29,Daniela Zini,IT,84,Slalom
1981-01-29,Karen Lancaster,US,3,Giant Slalom
1981-01-29,Regine Moesenlechner,DE,18,Downhill
1981-01-29,Ursula Konzett,LI,30,Slalom
1981-01-29,Anni Kronbichler,AT,7,Giant Slalom
1981-01-29,Abbi Fisher,US,34,Slalom
1981-01-29,Diana Haight,CA,2,Combined
1981-01-29,Andreja Leskovsek,,0,Slalom
1981-01-29,Roswitha Steiner,AT,5,Slalom
1981-01-29,Cindy Oak,US,25,Downhill
1981-01-29,Michaela Gerg-Leitner,DE,5,Giant Slalom
1981-01-29,Corinne Eugster,CH,0,Giant Slalom
1981-01-29,Marianne Zechmeister,DE,3,Downhill
1981-01-29,Andrea Haaser,AT,2,Downhill
1981-01-29,Paoletta Magoni,IT,5,Slalom
1981-01-29,Anne Flore Rey,FR,1,Slalom
1981-01-29,Maria Rosa Quario,IT,51,Slalom
1981-01-31,Christine Klossner,CH,6,Downhill
1981-01-31,Maria Walliser,CH,55,Downhill
1981-01-31,Holly Beth Flanders,US,61,Downhill
1981-01-31,Maria Rosa Quario,IT,51,Slalom
1981-01-31,Cornelia Proell,AT,85,Downhill
1981-01-31,Roswitha Steiner,AT,5,Slalom
1981-01-31,Laurie Graham,CA,11,Downhill
1981-01-31,Marianne Zechmeister,DE,3,Downhill
1981-01-31,Annemarie Steiner,AT,4,Downhill
1981-01-31,Nadia Bonfini,IT,3,Slalom
1981-01-31,Ursula Konzett,LI,30,Slalom
1981-01-31,Edith Peter,AT,35,Downhill
1981-01-31,Heidi Preuss,US,41,Downhill
1981-01-31,Annemarie Bischofberger,CH,14,Downhill
1981-01-31,Brigitte Gadient,CH,3,Combined
1981-01-31,Hanni Wenzel,LI,89,Giant Slalom
1981-01-31,Abbi Fisher,US,34,Slalom
1981-01-31,Anne Flore Rey,FR,6,Slalom
1981-01-31,Catherine Quittet,FR,2,Downhill
1981-01-31,Metka Jerman,,2,Combined
1981-01-31,Andreja Leskovsek,,0,Slalom
1981-01-31,Perrine Pelen,FR,138,Slalom
1981-01-31,Wanda Bieler,IT,36,Giant Slalom
1981-01-31,Regine Moesenlechner,DE,18,Downhill
1981-01-31,Karen Lancaster,US,3,Giant Slalom
1981-01-31,Ariane Ehrat,CH,3,Downhill
1981-01-31,Heidi Wiesler,DE,13,Combined
1981-01-31,Tamara McKinney,US,109,Giant Slalom
1981-01-31,Michaela Gerg-Leitner,DE,5,Giant Slalom
1981-01-31,Rosi Aschenwald,AT,0,Slalom
1981-01-31,Caroline Attia,FR,20,Downhill
1981-01-31,Olga Charvatova,SK,30,Giant Slalom
1981-01-31,Dorota Tlalka,PL,2,Slalom
1981-01-31,Erika Hess,CH,149,Slalom
1981-01-31,Piera Macchi,IT,41,Slalom
1981-01-31,Claudia Giordani,IT,61,Slalom
1981-01-31,Karin Unterseer,DE,0,Slalom
1981-01-31,Zoe Haas,CH,37,Downhill
1981-01-31,Paola Marciandi,IT,3,Slalom
1981-01-31,Erika Gfrerer,AT,10,Downhill
1981-01-31,Traudl Haecher,DE,21,Parallel
1981-01-31,Doris De Agostini,CH,145,Downhill
1981-01-31,Lea Soelkner,AT,31,Downhill
1981-01-31,Lorena Frigo,IT,6,Slalom
1981-01-31,Maria Epple,DE,18,Giant Slalom
1981-01-31,Christin Cooper,US,111,Slalom
1981-01-31,Marie Cecile Gros - Gaudenier,FR,32,Downhill
1981-01-31,Anni Kronbichler,AT,7,Giant Slalom
1981-01-31,Edith Lindner,AT,3,Downhill
1981-01-31,Maria Maricich,US,1,Downhill
1981-01-31,Blanca Fernandez Ochoa,ES,0,Giant Slalom
1981-01-31,Christa Kinshofer,DE,105,Giant Slalom
1981-01-31,Elisabeth Kirchler,AT,10,Downhill
1981-01-31,Daniela Zini,IT,99,Slalom
1981-01-31,Elisabeth Kraml,AT,11,Downhill
1981-01-31,Regina Sackl,AT,2,Slalom
1981-01-31,Marie Therese Nadig,CH,184,Downhill
1981-01-31,Bojana Dornig,,16,Slalom
1981-01-31,Marie Lucie Waldmeier,FR,28,Downhill
1981-01-31,Ingrid Eberle,AT,17,Downhill
1981-01-31,Sylvia Eder,AT,0,Downhill
1981-01-31,Rita Naepflin,CH,1,Slalom
1981-01-31,Gerry Sorensen,CA,18,Downhill
1981-01-31,Inge Krenn,AT,1,Combined
1981-01-31,Nadezda Patrakjeva-andreeva,RU,40,Slalom
1981-01-31,Elisabeth Chaud,FR,7,Downhill
1981-01-31,Fabienne Serrat,FR,124,Slalom
1981-01-31,Anja Zavadlav,,13,Slalom
1981-01-31,Diana Haight,CA,2,Combined
1981-01-31,Irene Epple,DE,107,Giant Slalom
1981-01-31,Petra Wenzel,LI,9,Giant Slalom
1981-01-31,Cindy Oak,US,25,Downhill
1981-01-31,Torill Fjelstadt,NO,52,Downhill
1981-01-31,Kathy Kreiner,CA,48,Downhill
1981-01-31,Paoletta Magoni,IT,5,Slalom
1981-01-31,Sylviane Fabre,FR,6,Slalom
1981-01-31,Andrea Haaser,AT,2,Downhill
1981-01-31,Brigitte Nansoz,CH,11,Slalom
1981-01-31,Corinne Eugster,CH,0,Giant Slalom
1981-01-31,Natasa Blazic,,0,Slalom
1981-01-31,Jana Soltysova,SK,72,Downhill
1981-01-31,Monika Henkel,DE,1,Combined
1981-01-31,Brigitte Glur,CH,16,Slalom
1981-01-31,Cindy Nelson,US,91,Downhill
1981-02-03,Andreja Leskovsek,,0,Slalom
1981-02-03,Bojana Dornig,,16,Slalom
1981-02-03,Torill Fjelstadt,NO,52,Downhill
1981-02-03,Marie Lucie Waldmeier,FR,28,Downhill
1981-02-03,Ariane Ehrat,CH,3,Downhill
1981-02-03,Heidi Wiesler,DE,13,Combined
1981-02-03,Daniela Zini,IT,119,Slalom
1981-02-03,Paoletta Magoni,IT,5,Slalom
1981-02-03,Piera Macchi,IT,41,Slalom
1981-02-03,Edith Lindner,AT,3,Downhill
1981-02-03,Caroline Attia,FR,20,Downhill
1981-02-03,Inge Krenn,AT,1,Combined
1981-02-03,Perrine Pelen,FR,146,Slalom
1981-02-03,Karen Lancaster,US,3,Giant Slalom
1981-02-03,Ursula Konzett,LI,30,Slalom
1981-02-03,Corinne Eugster,CH,0,Giant Slalom
1981-02-03,Roswitha Steiner,AT,5,Slalom
1981-02-03,Karin Unterseer,DE,0,Slalom
1981-02-03,Natasa Blazic,,0,Slalom
1981-02-03,Maria Rosa Quario,IT,51,Slalom
1981-02-03,Anne Flore Rey,FR,6,Slalom
1981-02-03,Rosi Aschenwald,AT,5,Slalom
1981-02-03,Cindy Oak,US,25,Downhill
1981-02-03,Abbi Fisher,US,34,Slalom
1981-02-03,Traudl Haecher,DE,25,Parallel
1981-02-03,Anni Kronbichler,AT,7,Giant Slalom
1981-02-03,Regine Moesenlechner,DE,19,Downhill
1981-02-03,Christa Kinshofer,DE,105,Giant Slalom
1981-02-03,Marianne Zechmeister,DE,3,Downhill
1981-02-03,Holly Beth Flanders,US,61,Downhill
1981-02-03,Gerry Sorensen,CA,18,Downhill
1981-02-03,Olga Charvatova,SK,42,Giant Slalom
1981-02-03,Irene Epple,DE,107,Giant Slalom
1981-02-03,Catherine Quittet,FR,2,Downhill
1981-02-03,Wanda Bieler,IT,45,Giant Slalom
1981-02-03,Dorota Tlalka,PL,2,Slalom
1981-02-03,Laurie Graham,CA,11,Downhill
1981-02-03,Brigitte Gadient,CH,3,Combined
1981-02-03,Elisabeth Kirchler,AT,10,Downhill
1981-02-03,Doris De Agostini,CH,145,Downhill
1981-02-03,Elisabeth Kraml,AT,11,Downhill
1981-02-03,Maria Epple,DE,29,Giant Slalom
1981-02-03,Marie Cecile Gros - Gaudenier,FR,32,Downhill
1981-02-03,Rita Naepflin,CH,1,Slalom
1981-02-03,Anja Zavadlav,,13,Slalom
1981-02-03,Lea Soelkner,AT,31,Downhill
1981-02-03,Michaela Gerg-Leitner,DE,5,Giant Slalom
1981-02-03,Kathy Kreiner,CA,48,Downhill
1981-02-03,Claudia Giordani,IT,61,Slalom
1981-02-03,Regina Sackl,AT,5,Slalom
1981-02-03,Christine Klossner,CH,6,Downhill
1981-02-03,Annemarie Steiner,AT,4,Downhill
1981-02-03,Jana Soltysova,SK,72,Downhill
1981-02-03,Brigitte Glur,CH,16,Slalom
1981-02-03,Maria Walliser,CH,62,Downhill
1981-02-03,Blanca Fernandez Ochoa,ES,0,Giant Slalom
1981-02-03,Nadia Bonfini,IT,3,Slalom
1981-02-03,Cindy Nelson,US,91,Downhill
1981-02-03,Heidi Preuss,US,41,Downhill
1981-02-03,Fabienne Serrat,FR,126,Slalom
1981-02-03,Petra Wenzel,LI,9,Giant Slalom
1981-02-03,Lorena Frigo,IT,6,Slalom
1981-02-03,Elisabeth Chaud,FR,7,Downhill
1981-02-03,Hanni Wenzel,LI,99,Giant Slalom
1981-02-03,Monika Henkel,DE,1,Combined
1981-02-03,Metka Jerman,,2,Combined
1981-02-03,Sylviane Fabre,FR,6,Slalom
1981-02-03,Andrea Haaser,AT,2,Downhill
1981-02-03,Nadezda Patrakjeva-andreeva,RU,40,Slalom
1981-02-03,Edith Peter,AT,35,Downhill
1981-02-03,Maria Maricich,US,1,Downhill
1981-02-03,Zoe Haas,CH,37,Downhill
1981-02-03,Paola Marciandi,IT,3,Slalom
1981-02-03,Tamara McKinney,US,109,Giant Slalom
1981-02-03,Ingrid Eberle,AT,17,Downhill
1981-02-03,Annemarie Bischofberger,CH,14,Downhill
1981-02-03,Diana Haight,CA,2,Combined
1981-02-03,Sylvia Eder,AT,0,Downhill
1981-02-03,Cornelia Proell,AT,85,Downhill
1981-02-03,Erika Gfrerer,AT,10,Downhill
1981-02-03,Brigitte Nansoz,CH,11,Slalom
1981-02-03,Marie Therese Nadig,CH,190,Downhill
1981-02-03,Erika Hess,CH,174,Slalom
1981-02-03,Christin Cooper,US,126,Slalom
1981-02-04,Marianne Zechmeister,DE,3,Downhill
1981-02-04,Monika Henkel,DE,1,Combined
1981-02-04,Edith Peter,AT,35,Downhill
1981-02-04,Inge Krenn,AT,1,Combined
1981-02-04,Erika Hess,CH,176,Slalom
1981-02-04,Cornelia Proell,AT,85,Downhill
1981-02-04,Corinne Eugster,CH,0,Giant Slalom
1981-02-04,Rosi Aschenwald,AT,5,Slalom
1981-02-04,Natasa Blazic,,0,Slalom
1981-02-04,Maria Walliser,CH,62,Downhill
1981-02-04,Brigitte Glur,CH,16,Slalom
1981-02-04,Marie Therese Nadig,CH,200,Downhill
1981-02-04,Elisabeth Kirchler,AT,10,Downhill
1981-02-04,Doris De Agostini,CH,145,Downhill
1981-02-04,Annemarie Steiner,AT,4,Downhill
1981-02-04,Ingrid Eberle,AT,17,Downhill
1981-02-04,Lorena Frigo,IT,6,Slalom
1981-02-04,Lea Soelkner,AT,31,Downhill
1981-02-04,Diana Haight,CA,2,Combined
1981-02-04,Brigitte Nansoz,CH,11,Slalom
1981-02-04,Annemarie Bischofberger,CH,14,Downhill
1981-02-04,Kathy Kreiner,CA,48,Downhill
1981-02-04,Wanda Bieler,IT,57,Giant Slalom
1981-02-04,Metka Jerman,,2,Combined
1981-02-04,Catherine Quittet,FR,2,Downhill
1981-02-04,Andreja Leskovsek,,0,Slalom
1981-02-04,Holly Beth Flanders,US,61,Downhill
1981-02-04,Bojana Dornig,,16,Slalom
1981-02-04,Piera Macchi,IT,41,Slalom
1981-02-04,Paoletta Magoni,IT,5,Slalom
1981-02-04,Daniela Zini,IT,119,Slalom
1981-02-04,Petra Wenzel,LI,9,Giant Slalom
1981-02-04,Maria Rosa Quario,IT,51,Slalom
1981-02-04,Roswitha Steiner,AT,5,Slalom
1981-02-04,Ursula Konzett,LI,30,Slalom
1981-02-04,Torill Fjelstadt,NO,52,Downhill
1981-02-04,Cindy Nelson,US,91,Downhill
1981-02-04,Regine Moesenlechner,DE,19,Downhill
1981-02-04,Anne Flore Rey,FR,6,Slalom
1981-02-04,Cindy Oak,US,25,Downhill
1981-02-04,Brigitte Gadient,CH,3,Combined
1981-02-04,Laurie Graham,CA,11,Downhill
1981-02-04,Regina Sackl,AT,5,Slalom
1981-02-04,Rita Naepflin,CH,1,Slalom
1981-02-04,Fabienne Serrat,FR,133,Slalom
1981-02-04,Marie Cecile Gros - Gaudenier,FR,32,Downhill
1981-02-04,Abbi Fisher,US,34,Slalom
1981-02-04,Edith Lindner,AT,3,Downhill
1981-02-04,Marie Lucie Waldmeier,FR,28,Downhill
1981-02-04,Christa Kinshofer,DE,125,Giant Slalom
1981-02-04,Perrine Pelen,FR,155,Slalom
1981-02-04,Ariane Ehrat,CH,3,Downhill
1981-02-04,Christin Cooper,US,137,Slalom
1981-02-04,Zoe Haas,CH,37,Downhill
1981-02-04,Maria Maricich,US,1,Downhill
1981-02-04,Erika Gfrerer,AT,10,Downhill
1981-02-04,Olga Charvatova,SK,42,Giant Slalom
1981-02-04,Dorota Tlalka,PL,2,Slalom
1981-02-04,Paola Marciandi,IT,3,Slalom
1981-02-04,Heidi Wiesler,DE,19,Combined
1981-02-04,Sylvia Eder,AT,0,Downhill
1981-02-04,Sylviane Fabre,FR,6,Slalom
1981-02-04,Hanni Wenzel,LI,107,Giant Slalom
1981-02-04,Maria Epple,DE,54,Giant Slalom
1981-02-04,Nadezda Patrakjeva-andreeva,RU,40,Slalom
1981-02-04,Anni Kronbichler,AT,10,Giant Slalom
1981-02-04,Gerry Sorensen,CA,18,Downhill
1981-02-04,Anja Zavadlav,,13,Slalom
1981-02-04,Jana Soltysova,SK,72,Downhill
1981-02-04,Blanca Fernandez Ochoa,ES,1,Giant Slalom
1981-02-04,Caroline Attia,FR,20,Downhill
1981-02-04,Nadia Bonfini,IT,3,Slalom
1981-02-04,Claudia Giordani,IT,61,Slalom
1981-02-04,Tamara McKinney,US,124,Giant Slalom
1981-02-04,Christine Klossner,CH,6,Downhill
1981-02-04,Elisabeth Chaud,FR,7,Downhill
1981-02-04,Elisabeth Kraml,AT,11,Downhill
1981-02-04,Heidi Preuss,US,41,Downhill
1981-02-04,Karen Lancaster,US,3,Giant Slalom
1981-02-04,Traudl Haecher,DE,25,Parallel
1981-02-04,Karin Unterseer,DE,0,Slalom
1981-02-04,Andrea Haaser,AT,2,Downhill
1981-02-04,Michaela Gerg-Leitner,DE,9,Giant Slalom
1981-02-04,Irene Epple,DE,112,Giant Slalom
1981-02-08,Nadezda Patrakjeva-andreeva,RU,40,Slalom
1981-02-08,Nadezda Patrakjeva-andreeva,RU,40,Slalom
1981-02-08,Christin Cooper,US,137,Slalom
1981-02-08,Diana Haight,CA,2,Combined
1981-02-08,Diana Haight,CA,2,Combined
1981-02-08,Nadia Bonfini,IT,3,Slalom
1981-02-08,Tamara McKinney,US,124,Giant Slalom
1981-02-08,Nadia Bonfini,IT,3,Slalom
1981-02-08,Claudia Giordani,IT,61,Slalom
1981-02-08,Wanda Bieler,IT,57,Giant Slalom
1981-02-08,Brigitte Gadient,CH,3,Combined
1981-02-08,Claudia Giordani,IT,61,Slalom
1981-02-08,Brigitte Gadient,CH,3,Combined
1981-02-08,Annemarie Steiner,AT,4,Downhill
1981-02-08,Annemarie Steiner,AT,4,Downhill
1981-02-08,Blanca Fernandez Ochoa,ES,1,Giant Slalom
1981-02-08,Maria Epple,DE,54,Giant Slalom
1981-02-08,Cindy Nelson,US,95,Downhill
1981-02-08,Edith Lindner,AT,3,Downhill
1981-02-08,Edith Lindner,AT,3,Downhill
1981-02-08,Tamara McKinney,US,124,Giant Slalom
1981-02-08,Maria Epple,DE,54,Giant Slalom
1981-02-08,Elisabeth Kirchler,AT,10,Downhill
1981-02-08,Christin Cooper,US,152,Slalom
1981-02-08,Rita Naepflin,CH,1,Slalom
1981-02-08,Wanda Bieler,IT,57,Giant Slalom
1981-02-08,Erika Hess,CH,176,Slalom
1981-02-08,Dorota Tlalka,PL,2,Slalom
1981-02-08,Hanni Wenzel,LI,118,Giant Slalom
1981-02-08,Blanca Fernandez Ochoa,ES,1,Giant Slalom
1981-02-08,Maria Rosa Quario,IT,51,Slalom
1981-02-08,Maria Rosa Quario,IT,51,Slalom
1981-02-08,Regine Moesenlechner,DE,19,Downhill
1981-02-08,Karen Lancaster,US,3,Giant Slalom
1981-02-08,Karen Lancaster,US,3,Giant Slalom
1981-02-08,Corinne Eugster,CH,0,Giant Slalom
1981-02-08,Corinne Eugster,CH,0,Giant Slalom
1981-02-08,Erika Hess,CH,184,Slalom
1981-02-08,Daniela Zini,IT,119,Slalom
1981-02-08,Traudl Haecher,DE,27,Parallel
1981-02-08,Marianne Zechmeister,DE,3,Downhill
1981-02-08,Cindy Nelson,US,95,Downhill
1981-02-08,Torill Fjelstadt,NO,62,Downhill
1981-02-08,Gerry Sorensen,CA,18,Downhill
1981-02-08,Marianne Zechmeister,DE,3,Downhill
1981-02-08,Elisabeth Kirchler,AT,17,Downhill
1981-02-08,Traudl Haecher,DE,27,Parallel
1981-02-08,Andrea Haaser,AT,2,Downhill
1981-02-08,Paoletta Magoni,IT,5,Slalom
1981-02-08,Paoletta Magoni,IT,5,Slalom
1981-02-08,Daniela Zini,IT,119,Slalom
1981-02-08,Catherine Quittet,FR,2,Downhill
1981-02-08,Kathy Kreiner,CA,48,Downhill
1981-02-08,Regina Sackl,AT,5,Slalom
1981-02-08,Kathy Kreiner,CA,48,Downhill
1981-02-08,Regina Sackl,AT,5,Slalom
1981-02-08,Dorota Tlalka,PL,2,Slalom
1981-02-08,Torill Fjelstadt,NO,62,Downhill
1981-02-08,Ariane Ehrat,CH,3,Downhill
1981-02-08,Andreja Leskovsek,,0,Slalom
1981-02-08,Andreja Leskovsek,,0,Slalom
1981-02-08,Ariane Ehrat,CH,3,Downhill
1981-02-08,Holly Beth Flanders,US,61,Downhill
1981-02-08,Gerry Sorensen,CA,43,Downhill
1981-02-08,Andrea Haaser,AT,5,Downhill
1981-02-08,Christa Kinshofer,DE,125,Giant Slalom
1981-02-08,Christa Kinshofer,DE,125,Giant Slalom
1981-02-08,Hanni Wenzel,LI,118,Giant Slalom
1981-02-08,Holly Beth Flanders,US,69,Downhill
1981-02-08,Regine Moesenlechner,DE,28,Downhill
1981-02-08,Catherine Quittet,FR,2,Downhill
1981-02-08,Maria Walliser,CH,68,Downhill
1981-02-08,Marie Lucie Waldmeier,FR,28,Downhill
1981-02-08,Marie Lucie Waldmeier,FR,29,Downhill
1981-02-08,Caroline Attia,FR,20,Downhill
1981-02-08,Anja Zavadlav,,13,Slalom
1981-02-08,Marie Cecile Gros - Gaudenier,FR,32,Downhill
1981-02-08,Marie Cecile Gros - Gaudenier,FR,32,Downhill
1981-02-08,Michaela Gerg-Leitner,DE,9,Giant Slalom
1981-02-08,Michaela Gerg-Leitner,DE,9,Giant Slalom
1981-02-08,Sylvia Eder,AT,1,Downhill
1981-02-08,Sylviane Fabre,FR,6,Slalom
1981-02-08,Cornelia Proell,AT,100,Downhill
1981-02-08,Sylviane Fabre,FR,6,Slalom
1981-02-08,Edith Peter,AT,35,Downhill
1981-02-08,Sylvia Eder,AT,1,Downhill
1981-02-08,Edith Peter,AT,35,Downhill
1981-02-08,Cornelia Proell,AT,100,Downhill
1981-02-08,Maria Maricich,US,1,Downhill
1981-02-08,Maria Maricich,US,1,Downhill
1981-02-08,Inge Krenn,AT,1,Combined
1981-02-08,Ursula Konzett,LI,30,Slalom
1981-02-08,Ursula Konzett,LI,30,Slalom
1981-02-08,Roswitha Steiner,AT,5,Slalom
1981-02-08,Roswitha Steiner,AT,5,Slalom
1981-02-08,Anni Kronbichler,AT,10,Giant Slalom
1981-02-08,Anni Kronbichler,AT,10,Giant Slalom
1981-02-08,Inge Krenn,AT,1,Combined
1981-02-08,Cindy Oak,US,25,Downhill
1981-02-08,Caroline Attia,FR,20,Downhill
1981-02-08,Cindy Oak,US,25,Downhill
1981-02-08,Anja Zavadlav,,13,Slalom
1981-02-08,Fabienne Serrat,FR,133,Slalom
1981-02-08,Olga Charvatova,SK,42,Giant Slalom
1981-02-08,Heidi Wiesler,DE,22,Combined
1981-02-08,Olga Charvatova,SK,52,Giant Slalom
1981-02-08,Paola Marciandi,IT,3,Slalom
1981-02-08,Erika Gfrerer,AT,10,Downhill
1981-02-08,Erika Gfrerer,AT,10,Downhill
1981-02-08,Perrine Pelen,FR,155,Slalom
1981-02-08,Perrine Pelen,FR,155,Slalom
1981-02-08,Zoe Haas,CH,37,Downhill
1981-02-08,Zoe Haas,CH,37,Downhill
1981-02-08,Paola Marciandi,IT,3,Slalom
1981-02-08,Laurie Graham,CA,11,Downhill
1981-02-08,Abbi Fisher,US,34,Slalom
1981-02-08,Abbi Fisher,US,40,Slalom
1981-02-08,Laurie Graham,CA,11,Downhill
1981-02-08,Anne Flore Rey,FR,6,Slalom
1981-02-08,Anne Flore Rey,FR,6,Slalom
1981-02-08,Jana Soltysova,SK,72,Downhill
1981-02-08,Jana Soltysova,SK,72,Downhill
1981-02-08,Christine Klossner,CH,6,Downhill
1981-02-08,Christine Klossner,CH,6,Downhill
1981-02-08,Heidi Preuss,US,46,Downhill
1981-02-08,Heidi Preuss,US,46,Downhill
1981-02-08,Karin Unterseer,DE,0,Slalom
1981-02-08,Karin Unterseer,DE,0,Slalom
1981-02-08,Fabienne Serrat,FR,133,Slalom
1981-02-08,Irene Epple,DE,112,Giant Slalom
1981-02-08,Heidi Wiesler,DE,22,Combined
1981-02-08,Natasa Blazic,,0,Slalom
1981-02-08,Ingrid Eberle,AT,17,Downhill
1981-02-08,Natasa Blazic,,0,Slalom
1981-02-08,Ingrid Eberle,AT,21,Downhill
1981-02-08,Marie Therese Nadig,CH,205,Downhill
1981-02-08,Brigitte Nansoz,CH,11,Slalom
1981-02-08,Metka Jerman,,2,Combined
1981-02-08,Lorena Frigo,IT,6,Slalom
1981-02-08,Lorena Frigo,IT,6,Slalom
1981-02-08,Metka Jerman,,2,Combined
1981-02-08,Lea Soelkner,AT,31,Downhill
1981-02-08,Petra Wenzel,LI,9,Giant Slalom
1981-02-08,Bojana Dornig,,16,Slalom
1981-02-08,Annemarie Bischofberger,CH,14,Downhill
1981-02-08,Annemarie Bischofberger,CH,14,Downhill
1981-02-08,Doris De Agostini,CH,157,Downhill
1981-02-08,Bojana Dornig,,16,Slalom
1981-02-08,Brigitte Nansoz,CH,11,Slalom
1981-02-08,Lea Soelkner,AT,31,Downhill
1981-02-08,Irene Epple,DE,132,Giant Slalom
1981-02-08,Monika Henkel,DE,1,Combined
1981-02-08,Monika Henkel,DE,1,Combined
1981-02-08,Marie Therese Nadig,CH,205,Downhill
1981-02-08,Piera Macchi,IT,41,Slalom
1981-02-08,Elisabeth Chaud,FR,7,Downhill
1981-02-08,Rita Naepflin,CH,1,Slalom
1981-02-08,Elisabeth Chaud,FR,7,Downhill
1981-02-08,Brigitte Glur,CH,16,Slalom
1981-02-08,Elisabeth Kraml,AT,11,Downhill
1981-02-08,Elisabeth Kraml,AT,11,Downhill
1981-02-08,Brigitte Glur,CH,16,Slalom
1981-02-08,Maria Walliser,CH,68,Downhill
1981-02-08,Piera Macchi,IT,41,Slalom
1981-02-08,Petra Wenzel,LI,11,Giant Slalom
1981-02-08,Rosi Aschenwald,AT,5,Slalom
1981-02-08,Rosi Aschenwald,AT,5,Slalom
1981-02-08,Doris De Agostini,CH,157,Downhill
1981-02-10,Jana Soltysova,SK,72,Downhill
1981-02-10,Brigitte Nansoz,CH,11,Slalom
1981-02-10,Claudia Giordani,IT,61,Slalom
1981-02-10,Dorota Tlalka,PL,2,Slalom
1981-02-10,Olga Charvatova,SK,55,Giant Slalom
1981-02-10,Ingrid Eberle,AT,21,Downhill
1981-02-10,Elisabeth Kirchler,AT,17,Downhill
1981-02-10,Zoe Haas,CH,44,Downhill
1981-02-10,Brigitte Gadient,CH,3,Combined
1981-02-10,Laurie Graham,CA,11,Downhill
1981-02-10,Christin Cooper,US,163,Slalom
1981-02-10,Brigitte Glur,CH,16,Slalom
1981-02-10,Paola Marciandi,IT,3,Slalom
1981-02-10,Diana Haight,CA,2,Combined
1981-02-10,Christine Klossner,CH,6,Downhill
1981-02-10,Marie Therese Nadig,CH,230,Downhill
1981-02-10,Maria Epple,DE,74,Giant Slalom
1981-02-10,Gerry Sorensen,CA,43,Downhill
1981-02-10,Anja Zavadlav,,13,Slalom
1981-02-10,Irene Epple,DE,147,Giant Slalom
1981-02-10,Cindy Oak,US,25,Downhill
1981-02-10,Elisabeth Chaud,FR,7,Downhill
1981-02-10,Anni Kronbichler,AT,10,Giant Slalom
1981-02-10,Christa Kinshofer,DE,125,Giant Slalom
1981-02-10,Marie Lucie Waldmeier,FR,29,Downhill
1981-02-10,Torill Fjelstadt,NO,62,Downhill
1981-02-10,Ariane Ehrat,CH,3,Downhill
1981-02-10,Elisabeth Kraml,AT,11,Downhill
1981-02-10,Maria Maricich,US,1,Downhill
1981-02-10,Daniela Zini,IT,119,Slalom
1981-02-10,Regina Sackl,AT,5,Slalom
1981-02-10,Sylvia Eder,AT,1,Downhill
1981-02-10,Natasa Blazic,,0,Slalom
1981-02-10,Kathy Kreiner,CA,48,Downhill
1981-02-10,Sylviane Fabre,FR,6,Slalom
1981-02-10,Nadezda Patrakjeva-andreeva,RU,40,Slalom
1981-02-10,Inge Krenn,AT,1,Combined
1981-02-10,Edith Lindner,AT,3,Downhill
1981-02-10,Cindy Nelson,US,105,Downhill
1981-02-10,Marie Cecile Gros - Gaudenier,FR,32,Downhill
1981-02-10,Paoletta Magoni,IT,5,Slalom
1981-02-10,Petra Wenzel,LI,11,Giant Slalom
1981-02-10,Monika Henkel,DE,1,Combined
1981-02-10,Andrea Haaser,AT,5,Downhill
1981-02-10,Nadia Bonfini,IT,3,Slalom
1981-02-10,Fabienne Serrat,FR,133,Slalom
1981-02-10,Bojana Dornig,,16,Slalom
1981-02-10,Heidi Preuss,US,46,Downhill
1981-02-10,Corinne Eugster,CH,0,Giant Slalom
1981-02-10,Maria Walliser,CH,72,Downhill
1981-02-10,Erika Gfrerer,AT,11,Downhill
1981-02-10,Caroline Attia,FR,20,Downhill
1981-02-10,Karen Lancaster,US,3,Giant Slalom
1981-02-10,Ursula Konzett,LI,30,Slalom
1981-02-10,Abbi Fisher,US,40,Slalom
1981-02-10,Roswitha Steiner,AT,5,Slalom
1981-02-10,Annemarie Steiner,AT,4,Downhill
1981-02-10,Rosi Aschenwald,AT,5,Slalom
1981-02-10,Cornelia Proell,AT,100,Downhill
1981-02-10,Regine Moesenlechner,DE,30,Downhill
1981-02-10,Michaela Gerg-Leitner,DE,9,Giant Slalom
1981-02-10,Wanda Bieler,IT,57,Giant Slalom
1981-02-10,Rita Naepflin,CH,1,Slalom
1981-02-10,Karin Unterseer,DE,0,Slalom
1981-02-10,Holly Beth Flanders,US,69,Downhill
1981-02-10,Perrine Pelen,FR,160,Slalom
1981-02-10,Traudl Haecher,DE,27,Parallel
1981-02-10,Maria Rosa Quario,IT,51,Slalom
1981-02-10,Lorena Frigo,IT,6,Slalom
1981-02-10,Anne Flore Rey,FR,12,Slalom
1981-02-10,Andreja Leskovsek,,0,Slalom
1981-02-10,Heidi Wiesler,DE,22,Combined
1981-02-10,Tamara McKinney,US,133,Giant Slalom
1981-02-10,Hanni Wenzel,LI,126,Giant Slalom
1981-02-10,Blanca Fernandez Ochoa,ES,1,Giant Slalom
1981-02-10,Lea Soelkner,AT,31,Downhill
1981-02-10,Annemarie Bischofberger,CH,14,Downhill
1981-02-10,Marianne Zechmeister,DE,3,Downhill
1981-02-10,Doris De Agostini,CH,157,Downhill
1981-02-10,Edith Peter,AT,35,Downhill
1981-02-10,Catherine Quittet,FR,2,Downhill
1981-02-10,Metka Jerman,,2,Combined
1981-02-10,Erika Hess,CH,196,Slalom
1981-02-10,Piera Macchi,IT,41,Slalom
1981-03-06,Nadezda Patrakjeva-andreeva,RU,40,Slalom
1981-03-06,Paoletta Magoni,IT,5,Slalom
1981-03-06,Erika Hess,CH,196,Slalom
1981-03-06,Traudl Haecher,DE,27,Parallel
1981-03-06,Cindy Nelson,US,120,Downhill
1981-03-06,Annemarie Bischofberger,CH,14,Downhill
1981-03-06,Edith Lindner,AT,3,Downhill
1981-03-06,Petra Wenzel,LI,11,Giant Slalom
1981-03-06,Edith Peter,AT,35,Downhill
1981-03-06,Marie Cecile Gros - Gaudenier,FR,35,Downhill
1981-03-06,Monika Henkel,DE,1,Combined
1981-03-06,Rita Naepflin,CH,1,Slalom
1981-03-06,Sylvia Eder,AT,12,Downhill
1981-03-06,Corinne Eugster,CH,0,Giant Slalom
1981-03-06,Marie Lucie Waldmeier,FR,34,Downhill
1981-03-06,Michaela Gerg-Leitner,DE,9,Giant Slalom
1981-03-06,Andrea Haaser,AT,5,Downhill
1981-03-06,Piera Macchi,IT,41,Slalom
1981-03-06,Holly Beth Flanders,US,81,Downhill
1981-03-06,Irene Epple,DE,147,Giant Slalom
1981-03-06,Torill Fjelstadt,NO,62,Downhill
1981-03-06,Cindy Oak,US,25,Downhill
1981-03-06,Andreja Leskovsek,,0,Slalom
1981-03-06,Maria Rosa Quario,IT,51,Slalom
1981-03-06,Elisabeth Kraml,AT,11,Downhill
1981-03-06,Anni Kronbichler,AT,10,Giant Slalom
1981-03-06,Sylviane Fabre,FR,6,Slalom
1981-03-06,Roswitha Steiner,AT,5,Slalom
1981-03-06,Elisabeth Chaud,FR,13,Downhill
1981-03-06,Daniela Zini,IT,119,Slalom
1981-03-06,Metka Jerman,,2,Combined
1981-03-06,Maria Maricich,US,1,Downhill
1981-03-06,Rosi Aschenwald,AT,5,Slalom
1981-03-06,Ursula Konzett,LI,30,Slalom
1981-03-06,Natasa Blazic,,0,Slalom
1981-03-06,Maria Epple,DE,74,Giant Slalom
1981-03-06,Regina Sackl,AT,5,Slalom
1981-03-06,Marianne Zechmeister,DE,3,Downhill
1981-03-06,Christa Kinshofer,DE,125,Giant Slalom
1981-03-06,Cornelia Proell,AT,100,Downhill
1981-03-06,Caroline Attia,FR,20,Downhill
1981-03-06,Laurie Graham,CA,11,Downhill
1981-03-06,Brigitte Gadient,CH,3,Combined
1981-03-06,Gerry Sorensen,CA,43,Downhill
1981-03-06,Diana Haight,CA,2,Combined
1981-03-06,Lorena Frigo,IT,6,Slalom
1981-03-06,Paola Marciandi,IT,3,Slalom
1981-03-06,Tamara McKinney,US,133,Giant Slalom
1981-03-06,Abbi Fisher,US,40,Slalom
1981-03-06,Ingrid Eberle,AT,21,Downhill
1981-03-06,Perrine Pelen,FR,160,Slalom
1981-03-06,Regine Moesenlechner,DE,50,Downhill
1981-03-06,Christin Cooper,US,165,Slalom
1981-03-06,Marie Therese Nadig,CH,239,Downhill
1981-03-06,Erika Gfrerer,AT,11,Downhill
1981-03-06,Lea Soelkner,AT,35,Downhill
1981-03-06,Hanni Wenzel,LI,134,Giant Slalom
1981-03-06,Zoe Haas,CH,51,Downhill
1981-03-06,Brigitte Glur,CH,16,Slalom
1981-03-06,Olga Charvatova,SK,55,Giant Slalom
1981-03-06,Blanca Fernandez Ochoa,ES,1,Giant Slalom
1981-03-06,Heidi Wiesler,DE,22,Combined
1981-03-06,Dorota Tlalka,PL,2,Slalom
1981-03-06,Maria Walliser,CH,72,Downhill
1981-03-06,Ariane Ehrat,CH,3,Downhill
1981-03-06,Annemarie Steiner,AT,4,Downhill
1981-03-06,Brigitte Nansoz,CH,11,Slalom
1981-03-06,Elisabeth Kirchler,AT,42,Downhill
1981-03-06,Anne Flore Rey,FR,12,Slalom
1981-03-06,Heidi Preuss,US,46,Downhill
1981-03-06,Jana Soltysova,SK,72,Downhill
1981-03-06,Bojana Dornig,,16,Slalom
1981-03-06,Inge Krenn,AT,1,Combined
1981-03-06,Christine Klossner,CH,6,Downhill
1981-03-06,Kathy Kreiner,CA,48,Downhill
1981-03-06,Karen Lancaster,US,3,Giant Slalom
1981-03-06,Karin Unterseer,DE,0,Slalom
1981-03-06,Fabienne Serrat,FR,133,Slalom
1981-03-06,Claudia Giordani,IT,61,Slalom
1981-03-06,Wanda Bieler,IT,57,Giant Slalom
1981-03-06,Doris De Agostini,CH,167,Downhill
1981-03-06,Catherine Quittet,FR,3,Downhill
1981-03-06,Anja Zavadlav,,13,Slalom
1981-03-06,Nadia Bonfini,IT,3,Slalom
1981-03-08,Maria Walliser,CH,72,Downhill
1981-03-08,Torill Fjelstadt,NO,62,Downhill
1981-03-08,Andreja Leskovsek,,0,Slalom
1981-03-08,Brigitte Glur,CH,16,Slalom
1981-03-08,Petra Wenzel,LI,11,Giant Slalom
1981-03-08,Rita Naepflin,CH,1,Slalom
1981-03-08,Monika Henkel,DE,1,Combined
1981-03-08,Lea Soelkner,AT,35,Downhill
1981-03-08,Marie Therese Nadig,CH,239,Downhill
1981-03-08,Rosi Aschenwald,AT,5,Slalom
1981-03-08,Elisabeth Kraml,AT,11,Downhill
1981-03-08,Brigitte Nansoz,CH,11,Slalom
1981-03-08,Erika Hess,CH,216,Slalom
1981-03-08,Annemarie Steiner,AT,4,Downhill
1981-03-08,Holly Beth Flanders,US,81,Downhill
1981-03-08,Bojana Dornig,,16,Slalom
1981-03-08,Catherine Quittet,FR,3,Downhill
1981-03-08,Corinne Eugster,CH,0,Giant Slalom
1981-03-08,Natasa Blazic,,0,Slalom
1981-03-08,Diana Haight,CA,2,Combined
1981-03-08,Lorena Frigo,IT,6,Slalom
1981-03-08,Wanda Bieler,IT,72,Giant Slalom
1981-03-08,Paoletta Magoni,IT,5,Slalom
1981-03-08,Annemarie Bischofberger,CH,14,Downhill
1981-03-08,Metka Jerman,,2,Combined
1981-03-08,Kathy Kreiner,CA,48,Downhill
1981-03-08,Ingrid Eberle,AT,21,Downhill
1981-03-08,Daniela Zini,IT,128,Slalom
1981-03-08,Blanca Fernandez Ochoa,ES,1,Giant Slalom
1981-03-08,Gerry Sorensen,CA,43,Downhill
1981-03-08,Hanni Wenzel,LI,138,Giant Slalom
1981-03-08,Cindy Nelson,US,131,Downhill
1981-03-08,Marie Cecile Gros - Gaudenier,FR,35,Downhill
1981-03-08,Edith Lindner,AT,3,Downhill
1981-03-08,Edith Peter,AT,35,Downhill
1981-03-08,Christin Cooper,US,167,Slalom
1981-03-08,Abbi Fisher,US,40,Slalom
1981-03-08,Elisabeth Kirchler,AT,42,Downhill
1981-03-08,Nadia Bonfini,IT,3,Slalom
1981-03-08,Caroline Attia,FR,20,Downhill
1981-03-08,Anja Zavadlav,,13,Slalom
1981-03-08,Traudl Haecher,DE,37,Parallel
1981-03-08,Zoe Haas,CH,51,Downhill
1981-03-08,Heidi Preuss,US,46,Downhill
1981-03-08,Karin Unterseer,DE,0,Slalom
1981-03-08,Inge Krenn,AT,1,Combined
1981-03-08,Anne Flore Rey,FR,12,Slalom
1981-03-08,Christine Klossner,CH,6,Downhill
1981-03-08,Claudia Giordani,IT,61,Slalom
1981-03-08,Karen Lancaster,US,3,Giant Slalom
1981-03-08,Paola Marciandi,IT,3,Slalom
1981-03-08,Regine Moesenlechner,DE,50,Downhill
1981-03-08,Maria Epple,DE,81,Giant Slalom
1981-03-08,Laurie Graham,CA,11,Downhill
1981-03-08,Dorota Tlalka,PL,2,Slalom
1981-03-08,Tamara McKinney,US,158,Giant Slalom
1981-03-08,Doris De Agostini,CH,167,Downhill
1981-03-08,Maria Rosa Quario,IT,57,Slalom
1981-03-08,Sylviane Fabre,FR,6,Slalom
1981-03-08,Ariane Ehrat,CH,3,Downhill
1981-03-08,Elisabeth Chaud,FR,13,Downhill
1981-03-08,Irene Epple,DE,155,Giant Slalom
1981-03-08,Andrea Haaser,AT,5,Downhill
1981-03-08,Cindy Oak,US,25,Downhill
1981-03-08,Heidi Wiesler,DE,22,Combined
1981-03-08,Piera Macchi,IT,41,Slalom
1981-03-08,Cornelia Proell,AT,100,Downhill
1981-03-08,Roswitha Steiner,AT,5,Slalom
1981-03-08,Anni Kronbichler,AT,10,Giant Slalom
1981-03-08,Olga Charvatova,SK,56,Giant Slalom
1981-03-08,Fabienne Serrat,FR,138,Slalom
1981-03-08,Christa Kinshofer,DE,125,Giant Slalom
1981-03-08,Jana Soltysova,SK,72,Downhill
1981-03-08,Maria Maricich,US,1,Downhill
1981-03-08,Erika Gfrerer,AT,11,Downhill
1981-03-08,Nadezda Patrakjeva-andreeva,RU,43,Slalom
1981-03-08,Marie Lucie Waldmeier,FR,34,Downhill
1981-03-08,Perrine Pelen,FR,172,Slalom
1981-03-08,Ursula Konzett,LI,30,Slalom
1981-03-08,Sylvia Eder,AT,12,Downhill
1981-03-08,Regina Sackl,AT,5,Slalom
1981-03-08,Marianne Zechmeister,DE,3,Downhill
1981-03-08,Michaela Gerg-Leitner,DE,9,Giant Slalom
1981-03-08,Brigitte Gadient,CH,3,Combined
1981-03-13,Marie Therese Nadig,CH,264,Downhill
1981-03-13,Doris De Agostini,CH,167,Downhill
1981-03-13,Karin Unterseer,DE,0,Slalom
1981-03-13,Jana Soltysova,SK,72,Downhill
1981-03-13,Monika Henkel,DE,1,Combined
1981-03-13,Catherine Quittet,FR,3,Downhill
1981-03-13,Erika Hess,CH,226,Slalom
1981-03-13,Metka Jerman,,2,Combined
1981-03-13,Cornelia Proell,AT,100,Downhill
1981-03-13,Irene Epple,DE,166,Giant Slalom
1981-03-13,Paoletta Magoni,IT,5,Slalom
1981-03-13,Maria Maricich,US,1,Downhill
1981-03-13,Dorota Tlalka,PL,2,Slalom
1981-03-13,Gerry Sorensen,CA,45,Downhill
1981-03-13,Fabienne Serrat,FR,142,Slalom
1981-03-13,Perrine Pelen,FR,172,Slalom
1981-03-13,Edith Lindner,AT,3,Downhill
1981-03-13,Tamara McKinney,US,170,Giant Slalom
1981-03-13,Maria Epple,DE,87,Giant Slalom
1981-03-13,Paola Marciandi,IT,3,Slalom
1981-03-13,Blanca Fernandez Ochoa,ES,1,Giant Slalom
1981-03-13,Elisabeth Kirchler,AT,42,Downhill
1981-03-13,Brigitte Glur,CH,23,Slalom
1981-03-13,Traudl Haecher,DE,37,Parallel
1981-03-13,Christa Kinshofer,DE,125,Giant Slalom
1981-03-13,Annemarie Bischofberger,CH,14,Downhill
1981-03-13,Petra Wenzel,LI,11,Giant Slalom
1981-03-13,Natasa Blazic,,0,Slalom
1981-03-13,Heidi Wiesler,DE,22,Combined
1981-03-13,Olga Charvatova,SK,64,Giant Slalom
1981-03-13,Andreja Leskovsek,,0,Slalom
1981-03-13,Lea Soelkner,AT,35,Downhill
1981-03-13,Elisabeth Kraml,AT,11,Downhill
1981-03-13,Lorena Frigo,IT,6,Slalom
1981-03-13,Regina Sackl,AT,5,Slalom
1981-03-13,Nadezda Patrakjeva-andreeva,RU,43,Slalom
1981-03-13,Elisabeth Chaud,FR,13,Downhill
1981-03-13,Holly Beth Flanders,US,81,Downhill
1981-03-13,Anja Zavadlav,,13,Slalom
1981-03-13,Cindy Nelson,US,141,Downhill
1981-03-13,Marie Lucie Waldmeier,FR,34,Downhill
1981-03-13,Maria Walliser,CH,77,Downhill
1981-03-13,Hanni Wenzel,LI,158,Giant Slalom
1981-03-13,Inge Krenn,AT,1,Combined
1981-03-13,Annemarie Steiner,AT,4,Downhill
1981-03-13,Cindy Oak,US,25,Downhill
1981-03-13,Nadia Bonfini,IT,3,Slalom
1981-03-13,Christin Cooper,US,182,Slalom
1981-03-13,Claudia Giordani,IT,61,Slalom
1981-03-13,Erika Gfrerer,AT,11,Downhill
1981-03-13,Zoe Haas,CH,51,Downhill
1981-03-13,Anni Kronbichler,AT,10,Giant Slalom
1981-03-13,Laurie Graham,CA,11,Downhill
1981-03-13,Wanda Bieler,IT,72,Giant Slalom
1981-03-13,Sylvia Eder,AT,12,Downhill
1981-03-13,Andrea Haaser,AT,5,Downhill
1981-03-13,Rosi Aschenwald,AT,5,Slalom
1981-03-13,Edith Peter,AT,35,Downhill
1981-03-13,Kathy Kreiner,CA,49,Downhill
1981-03-13,Rita Naepflin,CH,1,Slalom
1981-03-13,Michaela Gerg-Leitner,DE,9,Giant Slalom
1981-03-13,Marie Cecile Gros - Gaudenier,FR,35,Downhill
1981-03-13,Diana Haight,CA,2,Combined
1981-03-13,Ingrid Eberle,AT,21,Downhill
1981-03-13,Anne Flore Rey,FR,12,Slalom
1981-03-13,Maria Rosa Quario,IT,60,Slalom
1981-03-13,Karen Lancaster,US,3,Giant Slalom
1981-03-13,Ursula Konzett,LI,30,Slalom
1981-03-13,Sylviane Fabre,FR,6,Slalom
1981-03-13,Roswitha Steiner,AT,5,Slalom
1981-03-13,Corinne Eugster,CH,0,Giant Slalom
1981-03-13,Brigitte Gadient,CH,3,Combined
1981-03-13,Marianne Zechmeister,DE,3,Downhill
1981-03-13,Bojana Dornig,,16,Slalom
1981-03-13,Brigitte Nansoz,CH,11,Slalom
1981-03-13,Abbi Fisher,US,40,Slalom
1981-03-13,Torill Fjelstadt,NO,62,Downhill
1981-03-13,Caroline Attia,FR,20,Downhill
1981-03-13,Piera Macchi,IT,41,Slalom
1981-03-13,Ariane Ehrat,CH,3,Downhill
1981-03-13,Daniela Zini,IT,128,Slalom
1981-03-13,Heidi Preuss,US,46,Downhill
1981-03-13,Regine Moesenlechner,DE,50,Downhill
1981-03-13,Christine Klossner,CH,6,Downhill
1981-03-15,Andreja Leskovsek,,0,Slalom
1981-03-15,Laurie Graham,CA,11,Downhill
1981-03-15,Heidi Preuss,US,46,Downhill
1981-03-15,Brigitte Glur,CH,28,Slalom
1981-03-15,Christine Klossner,CH,6,Downhill
1981-03-15,Maria Rosa Quario,IT,64,Slalom
1981-03-15,Marianne Zechmeister,DE,3,Downhill
1981-03-15,Wanda Bieler,IT,75,Giant Slalom
1981-03-15,Holly Beth Flanders,US,81,Downhill
1981-03-15,Traudl Haecher,DE,37,Parallel
1981-03-15,Paola Marciandi,IT,3,Slalom
1981-03-15,Michaela Gerg-Leitner,DE,9,Giant Slalom
1981-03-15,Caroline Attia,FR,20,Downhill
1981-03-15,Anne Flore Rey,FR,12,Slalom
1981-03-15,Karin Unterseer,DE,0,Slalom
1981-03-15,Ursula Konzett,LI,30,Slalom
1981-03-15,Roswitha Steiner,AT,5,Slalom
1981-03-15,Cornelia Proell,AT,100,Downhill
1981-03-15,Abbi Fisher,US,40,Slalom
1981-03-15,Inge Krenn,AT,1,Combined
1981-03-15,Piera Macchi,IT,52,Slalom
1981-03-15,Elisabeth Kirchler,AT,42,Downhill
1981-03-15,Metka Jerman,,2,Combined
1981-03-15,Perrine Pelen,FR,181,Slalom
1981-03-15,Annemarie Bischofberger,CH,14,Downhill
1981-03-15,Rosi Aschenwald,AT,5,Slalom
1981-03-15,Heidi Wiesler,DE,22,Combined
1981-03-15,Lea Soelkner,AT,35,Downhill
1981-03-15,Lorena Frigo,IT,6,Slalom
1981-03-15,Olga Charvatova,SK,64,Giant Slalom
1981-03-15,Maria Walliser,CH,77,Downhill
1981-03-15,Doris De Agostini,CH,167,Downhill
1981-03-15,Annemarie Steiner,AT,4,Downhill
1981-03-15,Erika Gfrerer,AT,11,Downhill
1981-03-15,Erika Hess,CH,251,Slalom
1981-03-15,Zoe Haas,CH,51,Downhill
1981-03-15,Catherine Quittet,FR,3,Downhill
1981-03-15,Jana Soltysova,SK,72,Downhill
1981-03-15,Edith Peter,AT,35,Downhill
1981-03-15,Tamara McKinney,US,182,Giant Slalom
1981-03-15,Cindy Oak,US,25,Downhill
1981-03-15,Edith Lindner,AT,3,Downhill
1981-03-15,Cindy Nelson,US,148,Downhill
1981-03-15,Anja Zavadlav,,13,Slalom
1981-03-15,Blanca Fernandez Ochoa,ES,1,Giant Slalom
1981-03-15,Regina Sackl,AT,5,Slalom
1981-03-15,Elisabeth Kraml,AT,11,Downhill
1981-03-15,Natasa Blazic,,0,Slalom
1981-03-15,Nadezda Patrakjeva-andreeva,RU,49,Slalom
1981-03-15,Christa Kinshofer,DE,125,Giant Slalom
1981-03-15,Andrea Haaser,AT,5,Downhill
1981-03-15,Petra Wenzel,LI,11,Giant Slalom
1981-03-15,Monika Henkel,DE,1,Combined
1981-03-15,Gerry Sorensen,CA,45,Downhill
1981-03-15,Torill Fjelstadt,NO,62,Downhill
1981-03-15,Brigitte Nansoz,CH,11,Slalom
1981-03-15,Paoletta Magoni,IT,5,Slalom
1981-03-15,Corinne Eugster,CH,0,Giant Slalom
1981-03-15,Marie Therese Nadig,CH,265,Downhill
1981-03-15,Rita Naepflin,CH,1,Slalom
1981-03-15,Daniela Zini,IT,136,Slalom
1981-03-15,Bojana Dornig,,16,Slalom
1981-03-15,Kathy Kreiner,CA,49,Downhill
1981-03-15,Diana Haight,CA,2,Combined
1981-03-15,Ingrid Eberle,AT,21,Downhill
1981-03-15,Nadia Bonfini,IT,3,Slalom
1981-03-15,Irene Epple,DE,166,Giant Slalom
1981-03-15,Elisabeth Chaud,FR,13,Downhill
1981-03-15,Sylvia Eder,AT,12,Downhill
1981-03-15,Claudia Giordani,IT,61,Slalom
1981-03-15,Hanni Wenzel,LI,168,Giant Slalom
1981-03-15,Ariane Ehrat,CH,3,Downhill
1981-03-15,Sylviane Fabre,FR,6,Slalom
1981-03-15,Dorota Tlalka,PL,2,Slalom
1981-03-15,Maria Maricich,US,1,Downhill
1981-03-15,Christin Cooper,US,202,Slalom
1981-03-15,Karen Lancaster,US,3,Giant Slalom
1981-03-15,Brigitte Gadient,CH,3,Combined
1981-03-15,Fabienne Serrat,FR,144,Slalom
1981-03-15,Anni Kronbichler,AT,10,Giant Slalom
1981-03-15,Marie Lucie Waldmeier,FR,34,Downhill
1981-03-15,Regine Moesenlechner,DE,50,Downhill
1981-03-15,Marie Cecile Gros - Gaudenier,FR,35,Downhill
1981-03-15,Maria Epple,DE,102,Giant Slalom
1981-03-24,Blanca Fernandez Ochoa,ES,1,Giant Slalom
1981-03-24,Brigitte Nansoz,CH,11,Slalom
1981-03-24,Inge Krenn,AT,1,Combined
1981-03-24,Brigitte Glur,CH,37,Slalom
1981-03-24,Abbi Fisher,US,40,Slalom
1981-03-24,Laurie Graham,CA,11,Downhill
1981-03-24,Anja Zavadlav,,13,Slalom
1981-03-24,Caroline Attia,FR,20,Downhill
1981-03-24,Sylviane Fabre,FR,6,Slalom
1981-03-24,Marie Therese Nadig,CH,265,Downhill
1981-03-24,Heidi Preuss,US,46,Downhill
1981-03-24,Ingrid Eberle,AT,21,Downhill
1981-03-24,Natasa Blazic,,8,Slalom
1981-03-24,Marie Lucie Waldmeier,FR,34,Downhill
1981-03-24,Anne Flore Rey,FR,18,Slalom
1981-03-24,Fabienne Serrat,FR,151,Slalom
1981-03-24,Erika Gfrerer,AT,11,Downhill
1981-03-24,Cindy Oak,US,25,Downhill
1981-03-24,Irene Epple,DE,167,Giant Slalom
1981-03-24,Olga Charvatova,SK,64,Giant Slalom
1981-03-24,Zoe Haas,CH,51,Downhill
1981-03-24,Elisabeth Chaud,FR,13,Downhill
1981-03-24,Jana Soltysova,SK,72,Downhill
1981-03-24,Bojana Dornig,,21,Slalom
1981-03-24,Paola Marciandi,IT,3,Slalom
1981-03-24,Elisabeth Kraml,AT,11,Downhill
1981-03-24,Christine Klossner,CH,6,Downhill
1981-03-24,Anni Kronbichler,AT,10,Giant Slalom
1981-03-24,Perrine Pelen,FR,191,Slalom
1981-03-24,Sylvia Eder,AT,12,Downhill
1981-03-24,Petra Wenzel,LI,11,Giant Slalom
1981-03-24,Heidi Wiesler,DE,22,Combined
1981-03-24,Monika Henkel,DE,1,Combined
1981-03-24,Maria Maricich,US,1,Downhill
1981-03-24,Marie Cecile Gros - Gaudenier,FR,35,Downhill
1981-03-24,Elisabeth Kirchler,AT,42,Downhill
1981-03-24,Dorota Tlalka,PL,2,Slalom
1981-03-24,Regina Sackl,AT,5,Slalom
1981-03-24,Edith Peter,AT,35,Downhill
1981-03-24,Maria Walliser,CH,92,Downhill
1981-03-24,Doris De Agostini,CH,167,Downhill
1981-03-24,Gerry Sorensen,CA,45,Downhill
1981-03-24,Annemarie Steiner,AT,4,Downhill
1981-03-24,Erika Hess,CH,276,Slalom
1981-03-24,Rita Naepflin,CH,1,Slalom
1981-03-24,Edith Lindner,AT,3,Downhill
1981-03-24,Wanda Bieler,IT,75,Giant Slalom
1981-03-24,Brigitte Gadient,CH,3,Combined
1981-03-24,Andrea Haaser,AT,5,Downhill
1981-03-24,Catherine Quittet,FR,3,Downhill
1981-03-24,Andreja Leskovsek,,4,Slalom
1981-03-24,Christa Kinshofer,DE,125,Giant Slalom
1981-03-24,Karen Lancaster,US,3,Giant Slalom
1981-03-24,Regine Moesenlechner,DE,50,Downhill
1981-03-24,Holly Beth Flanders,US,81,Downhill
1981-03-24,Tamara McKinney,US,193,Giant Slalom
1981-03-24,Nadezda Patrakjeva-andreeva,RU,49,Slalom
1981-03-24,Maria Rosa Quario,IT,64,Slalom
1981-03-24,Marianne Zechmeister,DE,3,Downhill
1981-03-24,Traudl Haecher,DE,37,Parallel
1981-03-24,Ariane Ehrat,CH,3,Downhill
1981-03-24,Lea Soelkner,AT,35,Downhill
1981-03-24,Lorena Frigo,IT,6,Slalom
1981-03-24,Cornelia Proell,AT,100,Downhill
1981-03-24,Michaela Gerg-Leitner,DE,9,Giant Slalom
1981-03-24,Claudia Giordani,IT,61,Slalom
1981-03-24,Christin Cooper,US,202,Slalom
1981-03-24,Roswitha Steiner,AT,8,Slalom
1981-03-24,Diana Haight,CA,2,Combined
1981-03-24,Kathy Kreiner,CA,49,Downhill
1981-03-24,Ursula Konzett,LI,30,Slalom
1981-03-24,Cindy Nelson,US,148,Downhill
1981-03-24,Daniela Zini,IT,156,Slalom
1981-03-24,Corinne Eugster,CH,0,Giant Slalom
1981-03-24,Maria Epple,DE,102,Giant Slalom
1981-03-24,Piera Macchi,IT,52,Slalom
1981-03-24,Torill Fjelstadt,NO,62,Downhill
1981-03-24,Rosi Aschenwald,AT,5,Slalom
1981-03-24,Annemarie Bischofberger,CH,14,Downhill
1981-03-24,Nadia Bonfini,IT,3,Slalom
1981-03-24,Hanni Wenzel,LI,180,Giant Slalom
1981-03-24,Metka Jerman,,2,Combined
1981-03-24,Karin Unterseer,DE,2,Slalom
1981-03-24,Paoletta Magoni,IT,5,Slalom
1981-03-25,Cindy Nelson,US,159,Downhill
1981-03-25,Blanca Fernandez Ochoa,ES,1,Giant Slalom
1981-03-25,Marie Lucie Waldmeier,FR,34,Downhill
1981-03-25,Edith Lindner,AT,3,Downhill
1981-03-25,Nadezda Patrakjeva-andreeva,RU,49,Slalom
1981-03-25,Cindy Oak,US,25,Downhill
1981-03-25,Claudia Giordani,IT,61,Slalom
1981-03-25,Maria Epple,DE,109,Giant Slalom
1981-03-25,Nadia Bonfini,IT,3,Slalom
1981-03-25,Andrea Haaser,AT,5,Downhill
1981-03-25,Regina Sackl,AT,5,Slalom
1981-03-25,Elisabeth Kirchler,AT,42,Downhill
1981-03-25,Brigitte Glur,CH,37,Slalom
1981-03-25,Ingrid Eberle,AT,21,Downhill
1981-03-25,Diana Haight,CA,2,Combined
1981-03-25,Bojana Dornig,,21,Slalom
1981-03-25,Kathy Kreiner,CA,49,Downhill
1981-03-25,Daniela Zini,IT,156,Slalom
1981-03-25,Paoletta Magoni,IT,5,Slalom
1981-03-25,Torill Fjelstadt,NO,62,Downhill
1981-03-25,Irene Epple,DE,179,Giant Slalom
1981-03-25,Marie Therese Nadig,CH,265,Downhill
1981-03-25,Corinne Eugster,CH,3,Giant Slalom
1981-03-25,Gerry Sorensen,CA,45,Downhill
1981-03-25,Monika Henkel,DE,1,Combined
1981-03-25,Petra Wenzel,LI,11,Giant Slalom
1981-03-25,Christa Kinshofer,DE,125,Giant Slalom
1981-03-25,Rita Naepflin,CH,1,Slalom
1981-03-25,Natasa Blazic,,8,Slalom
1981-03-25,Elisabeth Chaud,FR,21,Downhill
1981-03-25,Elisabeth Kraml,AT,11,Downhill
1981-03-25,Brigitte Nansoz,CH,11,Slalom
1981-03-25,Fabienne Serrat,FR,157,Slalom
1981-03-25,Edith Peter,AT,35,Downhill
1981-03-25,Maria Maricich,US,1,Downhill
1981-03-25,Annemarie Steiner,AT,4,Downhill
1981-03-25,Erika Hess,CH,301,Slalom
1981-03-25,Doris De Agostini,CH,167,Downhill
1981-03-25,Erika Gfrerer,AT,11,Downhill
1981-03-25,Maria Walliser,CH,92,Downhill
1981-03-25,Lorena Frigo,IT,6,Slalom
1981-03-25,Jana Soltysova,SK,72,Downhill
1981-03-25,Olga Charvatova,SK,74,Giant Slalom
1981-03-25,Lea Soelkner,AT,35,Downhill
1981-03-25,Rosi Aschenwald,AT,5,Slalom
1981-03-25,Zoe Haas,CH,51,Downhill
1981-03-25,Heidi Wiesler,DE,22,Combined
1981-03-25,Abbi Fisher,US,40,Slalom
1981-03-25,Piera Macchi,IT,52,Slalom
1981-03-25,Cornelia Proell,AT,100,Downhill
1981-03-25,Karin Unterseer,DE,2,Slalom
1981-03-25,Caroline Attia,FR,20,Downhill
1981-03-25,Ursula Konzett,LI,30,Slalom
1981-03-25,Anne Flore Rey,FR,18,Slalom
1981-03-25,Roswitha Steiner,AT,13,Slalom
1981-03-25,Michaela Gerg-Leitner,DE,13,Giant Slalom
1981-03-25,Perrine Pelen,FR,191,Slalom
1981-03-25,Annemarie Bischofberger,CH,14,Downhill
1981-03-25,Brigitte Gadient,CH,3,Combined
1981-03-25,Catherine Quittet,FR,3,Downhill
1981-03-25,Wanda Bieler,IT,77,Giant Slalom
1981-03-25,Tamara McKinney,US,193,Giant Slalom
1981-03-25,Christin Cooper,US,222,Slalom
1981-03-25,Anni Kronbichler,AT,10,Giant Slalom
1981-03-25,Hanni Wenzel,LI,195,Giant Slalom
1981-03-25,Sylvia Eder,AT,12,Downhill
1981-03-25,Inge Krenn,AT,2,Combined
1981-03-25,Ariane Ehrat,CH,3,Downhill
1981-03-25,Karen Lancaster,US,3,Giant Slalom
1981-03-25,Sylviane Fabre,FR,6,Slalom
1981-03-25,Marie Cecile Gros - Gaudenier,FR,35,Downhill
1981-03-25,Paola Marciandi,IT,3,Slalom
1981-03-25,Metka Jerman,,2,Combined
1981-03-25,Regine Moesenlechner,DE,50,Downhill
1981-03-25,Traudl Haecher,DE,46,Parallel
1981-03-25,Anja Zavadlav,,13,Slalom
1981-03-25,Heidi Preuss,US,46,Downhill
1981-03-25,Marianne Zechmeister,DE,3,Downhill
1981-03-25,Laurie Graham,CA,11,Downhill
1981-03-25,Maria Rosa Quario,IT,64,Slalom
1981-03-25,Andreja Leskovsek,,4,Slalom
1981-03-25,Holly Beth Flanders,US,81,Downhill
1981-03-25,Christine Klossner,CH,6,Downhill
1981-03-25,Dorota Tlalka,PL,2,Slalom
1981-03-30,Inge Krenn,AT,2,Combined
1981-03-30,Rita Naepflin,CH,1,Slalom
1981-03-30,Cindy Oak,US,25,Downhill
1981-03-30,Maria Maricich,US,1,Downhill
1981-03-30,Regine Moesenlechner,DE,50,Downhill
1981-03-30,Traudl Haecher,DE,66,Parallel
1981-03-30,Maria Rosa Quario,IT,65,Slalom
1981-03-30,Holly Beth Flanders,US,81,Downhill
1981-03-30,Wanda Bieler,IT,86,Giant Slalom
1981-03-30,Maria Walliser,CH,103,Downhill
1981-03-30,Lea Soelkner,AT,35,Downhill
1981-03-30,Hanni Wenzel,LI,210,Giant Slalom
1981-03-30,Annemarie Bischofberger,CH,14,Downhill
1981-03-30,Ursula Konzett,LI,30,Slalom
1981-03-30,Edith Peter,AT,35,Downhill
1981-03-30,Caroline Attia,FR,20,Downhill
1981-03-30,Abbi Fisher,US,40,Slalom
1981-03-30,Olga Charvatova,SK,86,Giant Slalom
1981-03-30,Zoe Haas,CH,54,Downhill
1981-03-30,Laurie Graham,CA,11,Downhill
1981-03-30,Piera Macchi,IT,52,Slalom
1981-03-30,Christin Cooper,US,229,Slalom
1981-03-30,Claudia Giordani,IT,61,Slalom
1981-03-30,Cindy Nelson,US,159,Downhill
1981-03-30,Marie Therese Nadig,CH,267,Downhill
1981-03-30,Irene Epple,DE,185,Giant Slalom
1981-03-30,Fabienne Serrat,FR,162,Slalom
1981-03-30,Jana Soltysova,SK,72,Downhill
1981-03-30,Perrine Pelen,FR,201,Slalom
1981-03-30,Cornelia Proell,AT,100,Downhill
1981-03-30,Doris De Agostini,CH,167,Downhill
1981-03-30,Erika Hess,CH,309,Slalom
1981-03-30,Tamara McKinney,US,218,Giant Slalom
1981-03-30,Maria Epple,DE,109,Giant Slalom
1981-03-30,Gerry Sorensen,CA,45,Downhill
1981-03-30,Elisabeth Kirchler,AT,42,Downhill
1981-03-30,Kathy Kreiner,CA,49,Downhill
1981-03-30,Daniela Zini,IT,160,Slalom
1981-03-30,Torill Fjelstadt,NO,62,Downhill
1981-03-30,Christa Kinshofer,DE,125,Giant Slalom
1981-03-30,Nadezda Patrakjeva-andreeva,RU,49,Slalom
1981-03-30,Heidi Preuss,US,46,Downhill
1981-03-30,Monika Henkel,DE,1,Combined
1981-03-30,Marie Cecile Gros - Gaudenier,FR,35,Downhill
1981-03-30,Marie Lucie Waldmeier,FR,34,Downhill
1981-03-30,Marianne Zechmeister,DE,3,Downhill
1981-03-30,Karen Lancaster,US,3,Giant Slalom
1981-03-30,Ariane Ehrat,CH,3,Downhill
1981-03-30,Brigitte Gadient,CH,3,Combined
1981-03-30,Nadia Bonfini,IT,3,Slalom
1981-03-30,Regina Sackl,AT,5,Slalom
1981-03-30,Andrea Haaser,AT,5,Downhill
1981-03-30,Andreja Leskovsek,,4,Slalom
1981-03-30,Corinne Eugster,CH,3,Giant Slalom
1981-03-30,Paoletta Magoni,IT,5,Slalom
1981-03-30,Edith Lindner,AT,3,Downhill
1981-03-30,Dorota Tlalka,PL,2,Slalom
1981-03-30,Catherine Quittet,FR,3,Downhill
1981-03-30,Metka Jerman,,2,Combined
1981-03-30,Karin Unterseer,DE,2,Slalom
1981-03-30,Paola Marciandi,IT,3,Slalom
1981-03-30,Diana Haight,CA,2,Combined
1981-03-30,Annemarie Steiner,AT,4,Downhill
1981-03-30,Lorena Frigo,IT,6,Slalom
1981-03-30,Rosi Aschenwald,AT,5,Slalom
1981-03-30,Elisabeth Kraml,AT,11,Downhill
1981-03-30,Petra Wenzel,LI,11,Giant Slalom
1981-03-30,Bojana Dornig,,21,Slalom
1981-03-30,Ingrid Eberle,AT,21,Downhill
1981-03-30,Brigitte Glur,CH,37,Slalom
1981-03-30,Brigitte Nansoz,CH,11,Slalom
1981-03-30,Natasa Blazic,,8,Slalom
1981-03-30,Elisabeth Chaud,FR,21,Downhill
1981-03-30,Anni Kronbichler,AT,10,Giant Slalom
1981-03-30,Sylviane Fabre,FR,6,Slalom
1981-03-30,Anja Zavadlav,,13,Slalom
1981-03-30,Christine Klossner,CH,6,Downhill
1981-03-30,Erika Gfrerer,AT,11,Downhill
1981-03-30,Heidi Wiesler,DE,22,Combined
1981-03-30,Anne Flore Rey,FR,18,Slalom
1981-03-30,Michaela Gerg-Leitner,DE,13,Giant Slalom
1981-03-30,Roswitha Steiner,AT,13,Slalom
1981-03-30,Sylvia Eder,AT,12,Downhill
1981-03-30,Blanca Fernandez Ochoa,ES,1,Giant Slalom
